-153679.265625
-140849.359375
-128391.9609375
-98742.6015625
-89433.3203125
-68894.1015625
-60273.65234375
-43276.55859375
-44541.87890625
-35438.42578125
-24483.06640625
-25462.322265625
-26099.17578125
-22701.857421875
-15890.0947265625
-19695.875
-13494.2373046875
-14526.3212890625
-15586.5517578125
-19373.33984375
-10876.1103515625
-11364.03125
-10961.7265625
-12357.1728515625
-11302.517578125
-9606.7431640625
-6551.33935546875
-10868.0791015625
-10456.5400390625
-6249.56103515625
-6218.90576171875
-8406.4921875
-8012.97216796875
-8434.80859375
-7049.66552734375
-8732.1123046875
-6928.64892578125
-8063.69287109375
-7328.8486328125
-7032.3310546875
-6893.6396484375
-6987.74755859375
-6850.71435546875
-6613.49365234375
-3977.95947265625
-7777.58544921875
-7139.8076171875
-7179.83935546875
-6536.08740234375
-6654.38427734375
-5293.33251953125
-3523.234619140625
-4169.64892578125
-13573.9853515625
-5001.3857421875
-6335.35595703125
-7227.677734375
-4600.09423828125
-5496.6796875
-5656.703125
-4558.10595703125
-5697.6064453125
-4622.9482421875
-4609.5166015625
-4328.02001953125
-3395.85498046875
-12471.9970703125
-6158.14697265625
-4760.6015625
-4795.66748046875
-5832.63818359375
-2676.652587890625
-5848.44482421875
-5148.11962890625
-2306.49072265625
-2086.453125
-5459.93408203125
-4832.98095703125
-5517.81689453125
-3399.107421875
-5498.30859375
-4711.66748046875
-4717.220703125
-3415.370849609375
-4610.93017578125
-4556.0595703125
-5320.2119140625
-2090.316650390625
-4983.17724609375
-5976.89501953125
-3808.372314453125
-4721.13134765625
-5372.4375
-4296.982421875
-5008.82958984375
-4753.080078125
-4234.42333984375
-2254.629638671875
-1159.92236328125
-3505.276611328125
-5603.4580078125
-3827.0400390625
-4624.98095703125
-3799.366455078125
-4474.06640625
-3362.613525390625
-4097.85546875
-2216.7802734375
-4750.8759765625
-4775.87109375
-2424.31591796875
-2839.3466796875
-3168.7158203125
-2637.51513671875
-1790.408203125
-4656.86474609375
-4140.0830078125
-4589.51904296875
-1438.07861328125
-3552.14404296875
-4425.955078125
-3453.894775390625
-3568.1015625
-4455.576171875
-4915.2373046875
-3344.864501953125
-3199.5322265625
-5343.8330078125
-3919.162841796875
-3029.775634765625
-2118.10546875
-2427.633056640625
-4104.9267578125
-2456.06396484375
-5608.71826171875
-1614.4632568359375
-4192.427734375
-4829.3330078125
-4994.15380859375
-948.9862060546875
-4079.110595703125
-3556.0341796875
-3571.517578125
-2456.290771484375
-4414.025390625
-3949.901123046875
-3947.76220703125
-5197.8251953125
-5802.8828125
-3708.646240234375
-4934.71044921875
-4815.85400390625
-4861.22265625
-3796.978759765625
-4327.43505859375
-3573.621337890625
-3527.463623046875
-3746.373291015625
-4763.53857421875
-3689.829345703125
-4309.95556640625
-3448.38916015625
-3859.436767578125
-5344.6103515625
-3510.11962890625
-1721.1563720703125
-4552.22314453125
-4610.63916015625
-5345.7470703125
-4077.96435546875
-3836.060546875
-2502.20556640625
-3149.523681640625
-4017.595947265625
-3107.311767578125
-5548.87646484375
-4443.34814453125
-4345.8408203125
-2705.77099609375
-4064.260009765625
-3992.206787109375
-2214.426025390625
-3845.81591796875
-1262.5372314453125
-3608.701416015625
-1676.4317626953125
-4083.87890625
-3318.706298828125
-2437.271484375
-4102.171875
-4711.2236328125
-3812.0458984375
-2138.20703125
-1583.389892578125
-2988.2724609375
-3214.005615234375
-3108.4638671875
-3128.862060546875
-3107.337158203125
-2955.58154296875
-3339.038818359375
-3216.8232421875
-3066.030517578125
-3779.584228515625
-4240.7470703125
-2303.504638671875
-2787.887939453125
-2018.7545166015625
-4835.2470703125
-4734.4091796875
-3123.6572265625
-1553.3564453125
-3223.119873046875
-2246.431396484375
-6091.458984375
-3637.717041015625
-4115.76806640625
-4434.8349609375
-3049.0419921875
-3939.326904296875
-4459.73193359375
-3636.96337890625
-2825.417724609375
-4882.25927734375
-2630.655517578125
-953.0066528320312
-1695.987060546875
-3551.502197265625
-3893.696533203125
-2714.7275390625
-1056.17919921875
-4298.681640625
-3031.785400390625
-2756.895751953125
-2909.910888671875
-3619.3330078125
-2628.91748046875
-2756.4716796875
-4371.94970703125
-2470.28662109375
-3037.794677734375
-3366.240234375
-1814.2467041015625
-5617.978515625
-4967.51025390625
-1161.2674560546875
-4168.64306640625
-4413.02783203125
-2221.774658203125
-1050.6728515625
-3770.16357421875
-4279.18017578125
-1480.4554443359375
-3545.790283203125
-4315.95703125
-751.0675048828125
-3267.33837890625
-3403.322509765625
-4301.60302734375
-4045.20458984375
-3874.7001953125
-3402.9150390625
-3598.9501953125
-4087.0517578125
-2504.796142578125
-3349.072021484375
-4390.79638671875
-679.2041625976562
-3429.092041015625
-5225.95654296875
-1818.4285888671875
-4181.10009765625
-5277.88037109375
-3576.3115234375
-4233.57958984375
-3893.986572265625
-4440.56884765625
-3439.898681640625
-4627.02734375
-3917.94580078125
-3721.315185546875
-804.302001953125
-3432.621826171875
-3082.17529296875
-2611.85400390625
-658.2487182617188
-2496.220703125
-3167.8466796875
-2580.3662109375
-3115.8251953125
-4367.9716796875
-3006.467529296875
-3280.74462890625
-2882.108642578125
-3341.52001953125
-4398.07080078125
-3048.533447265625
-3020.619140625
-3171.568115234375
-2782.915771484375
-3762.708984375
-2158.52490234375
-3635.375
-2377.08984375
-4214.80712890625
-3788.418701171875
-4329.869140625
-4139.8447265625
-4047.280517578125
-3510.873046875
-3213.522705078125
-5022.76611328125
-2054.815185546875
-3401.402587890625
-2088.875
-3399.26171875
-2646.438720703125
-1827.36962890625
-1574.51123046875
-2096.139892578125
-3749.484619140625
-5666.634765625
-4664.93896484375
-3046.61962890625
-916.3383178710938
-3378.754638671875
-3205.956298828125
-3159.6943359375
-3394.51025390625
-4263.36669921875
-4355.04833984375
-2904.116943359375
-4142.44384765625
-3908.670654296875
-3834.545166015625
-1673.7908935546875
-2207.85546875
-2649.608154296875
-2057.34619140625
-3735.396240234375
-2452.775634765625
-3499.67138671875
-3728.920654296875
-4187.55712890625
-1670.515380859375
-2759.656982421875
-3460.13623046875
-3889.927734375
-4800.0263671875
-4277.84033203125
-4409.8779296875
-3202.216552734375
-6668.080078125
-4983.53125
-2046.270263671875
-1092.4659423828125
-4375.40380859375
-5290.0888671875
-2910.81298828125
-2914.99072265625
-3280.121826171875
-2084.010009765625
-3016.533203125
-3713.718505859375
-2855.026611328125
-4758.46923828125
-1558.947021484375
-1814.08935546875
-3117.5302734375
-3393.306640625
-3649.1474609375
-2275.25634765625
-4499.88330078125
-1322.5325927734375
-1488.7313232421875
-3355.289306640625
-3260.259521484375
-1983.0189208984375
-1031.504150390625
-4051.85595703125
-5385.78466796875
-1434.7470703125
-4121.68896484375
-3660.685546875
-4339.22021484375
-3037.197998046875
-3260.927734375
-1460.707275390625
-2359.030029296875
-1973.7274169921875
-1884.770751953125
-2195.994873046875
-3896.607666015625
-3140.4345703125
-1329.4921875
-3926.59423828125
-2982.796630859375
-1046.9013671875
-3812.697998046875
-1729.029052734375
-2926.099365234375
-4992.3251953125
-4010.66357421875
-3373.628662109375
-3143.273193359375
-1030.2642822265625
-3317.5654296875
-3013.34521484375
-2955.251220703125
-3439.1953125
-1678.64501953125
-3243.8984375
-1887.2528076171875
-4579.287109375
-3442.28369140625
-4457.57275390625
-3295.546875
-4365.28125
-3209.37841796875
-1606.128173828125
-4021.55224609375
-3903.907470703125
-1784.5418701171875
-2432.81396484375
-2888.3701171875
-3395.853759765625
-2798.431396484375
-782.2693481445312
-2795.59033203125
-2540.311279296875
-3150.93408203125
-2520.06787109375
-1960.9892578125
-1747.789794921875
-2759.115478515625
-3292.291015625
-1017.8492431640625
-4286.41552734375
-3129.291748046875
-3865.502685546875
-2778.422119140625
-3691.90380859375
-3421.883544921875
-3681.005859375
-2827.54931640625
-1440.4884033203125
-3662.59130859375
-1007.8126220703125
-4658.3798828125
-3401.7744140625
-4163.76904296875
-3136.7275390625
-2500.97705078125
-2325.448974609375
-1820.2149658203125
-3114.44287109375
-2753.0078125
-3972.337890625
-2113.25
-1736.9080810546875
-2876.941650390625
-2321.03955078125
-3823.08203125
-3041.31494140625
-2829.74658203125
-3144.913818359375
-3154.53955078125
-3844.666259765625
-3436.81103515625
-2603.82666015625
-2772.184326171875
-3946.218505859375
-3469.361328125
-2396.2607421875
-3220.078857421875
-830.2633056640625
-2925.597412109375
-3043.55029296875
-2380.46142578125
-3695.958251953125
-5196.35302734375
-4572.2822265625
-4053.20947265625
-4559.92138671875
-3051.650634765625
-2453.35595703125
-2364.293701171875
-2867.233154296875
-2126.79443359375
-3138.59033203125
-3882.818603515625
-2712.2001953125
-3841.081298828125
-3458.47705078125
-1791.83837890625
-2509.384521484375
-412.3925476074219
-4396.97216796875
-3341.39892578125
-2755.018310546875
-1712.183349609375
-4475.88037109375
-3059.895263671875
-1671.3843994140625
-2926.632568359375
-1455.646728515625
-700.4144287109375
-4702.9814453125
-4457.169921875
-2393.99462890625
-1988.2220458984375
-3425.285888671875
-1610.0377197265625
-2369.05322265625
-3009.054931640625
-4400.85986328125
-3055.73779296875
-2884.1748046875
-2221.714599609375
-6318.80810546875
-4803.0244140625
-3247.48095703125
-3114.383056640625
-2950.20751953125
-1428.2222900390625
-2478.572998046875
-1390.217529296875
-3260.475341796875
-3425.637939453125
-1900.546875
-3028.457275390625
-3126.477294921875
-1280.091064453125
-1860.6138916015625
-3616.98046875
-3384.1416015625
-5911.8203125
-2930.086669921875
-3074.770751953125
-3930.861083984375
-1496.640625
-2921.36474609375
-2416.884765625
-3102.248779296875
-3380.223876953125
-1516.465087890625
-3851.83642578125
-2666.0634765625
-3108.893310546875
-4686.30517578125
-3822.007080078125
-2629.576904296875
-1773.0997314453125
-4234.35400390625
-1550.2603759765625
-2699.994384765625
-2154.478515625
-2952.12548828125
-3512.8310546875
-3701.61279296875
-3438.43505859375
-3103.590576171875
-2588.396484375
-3152.256591796875
-2872.768798828125
-5960.46875
-1858.477783203125
-2343.130615234375
-4026.408935546875
-3751.89599609375
-2580.064208984375
-1786.007568359375
-1688.4654541015625
-4270.3095703125
-1855.7535400390625
-3911.1171875
-1042.221435546875
-769.375
-2975.22900390625
-4338.4873046875
-862.1577758789062
-1962.0203857421875
-4060.773193359375
-3671.1474609375
-2758.00048828125
-3146.578125
-2935.358642578125
-3221.598388671875
-3790.6767578125
-1583.2574462890625
-3388.83056640625
-2002.85986328125
-1100.404541015625
-2795.927001953125
-1684.94189453125
-3237.229736328125
-3272.041015625
-1940.3798828125
-3648.75048828125
-1010.437744140625
-1450.6895751953125
-2626.265380859375
-2231.33984375
-2929.228271484375
-2448.267578125
-2702.115966796875
-1588.2569580078125
-2960.145751953125
-2006.020263671875
-778.9241943359375
-2934.23828125
-3014.58544921875
-2135.528076171875
-1869.873291015625
-2361.605224609375
-1661.004150390625
-2085.753662109375
-1323.361572265625
-3264.382080078125
-2815.78759765625
-1824.655517578125
-1942.26611328125
-3988.321044921875
-3316.73486328125
-4769.86376953125
-2702.571533203125
-2840.4921875
-2990.283447265625
-4286.908203125
-2000.8861083984375
-1711.630126953125
-3612.869140625
-2698.064208984375
-3812.437255859375
-2912.27294921875
-2655.83447265625
-1836.9085693359375
-3845.2041015625
-4653.703125
-1157.050048828125
-3521.06591796875
-3007.535888671875
-3074.34033203125
-1352.9810791015625
-4719.28662109375
-3437.69189453125
-2790.014404296875
-3210.43408203125
-4211.69482421875
-3588.826904296875
-2800.6572265625
-1068.9268798828125
-1666.08154296875
-3112.9716796875
-2691.90576171875
-3149.83447265625
-2689.935302734375
-951.6329956054688
-2948.64111328125
-4895.3349609375
-3113.15087890625
-1697.5390625
-2681.90087890625
-4274.47119140625
-1353.66748046875
-1836.6221923828125
-2002.13671875
-4995.55712890625
-2915.773193359375
-2237.4111328125
-3748.716552734375
-3046.984619140625
-3103.055908203125
-323.7143249511719
-3609.906005859375
-2955.9755859375
-2981.69970703125
-3890.229248046875
-2473.916259765625
-1376.029541015625
-1489.171630859375
-2859.252197265625
-4069.38916015625
-1470.2908935546875
-3195.76806640625
-3427.5078125
-3348.80322265625
-5532.85546875
-2901.33837890625
-2544.44677734375
-1243.0452880859375
-3875.93408203125
-1033.26904296875
-2473.009765625
-882.0960083007812
-3342.447998046875
-1961.8939208984375
-3280.228271484375
-3933.076904296875
-4993.04443359375
-3627.78662109375
-3824.65869140625
-2587.037353515625
-2970.783447265625
-707.7634887695312
-3152.915283203125
-457.2936096191406
-2378.2822265625
-2158.726318359375
-3199.115966796875
-2965.56494140625
-1404.60400390625
-1963.625244140625
-2581.44482421875
-3587.62548828125
-2915.220458984375
-1804.1004638671875
-4079.70751953125
-3080.648193359375
-3907.837646484375
-3596.351318359375
-3193.4208984375
-3615.81982421875
-3403.8486328125
-2508.859619140625
-2167.5166015625
-2400.0673828125
-3548.31982421875
-5702.25634765625
-758.2164306640625
-4400.9111328125
-3170.861083984375
-3409.47900390625
-3003.305908203125
-3259.712646484375
-1494.368408203125
-1878.9609375
-2878.596435546875
-2318.299072265625
-2105.606201171875
-473.8199462890625
-1960.03076171875
-3276.468017578125
-2118.443115234375
-1355.547119140625
-2121.300537109375
-3229.7998046875
-2238.247314453125
-907.92822265625
-2289.121826171875
-2344.499267578125
-3568.9609375
-1823.3929443359375
-2463.5234375
-4562.537109375
-1038.549560546875
-2499.326904296875
-2038.845703125
-1341.4879150390625
-2480.22119140625
-1674.94921875
-3651.227783203125
-3278.616943359375
-980.8471069335938
-2130.468994140625
-2181.569580078125
-2312.3212890625
-1027.6492919921875
-1197.33984375
-2573.96875
-2007.8499755859375
-1432.8724365234375
-2137.9814453125
-1424.141357421875
-2823.4658203125
-2590.566650390625
-2798.40380859375
-2792.3037109375
-3303.479248046875
-3540.86181640625
-2278.78955078125
-3556.483154296875
-3215.226318359375
-2873.84228515625
-3322.14111328125
-1896.3031005859375
-3671.238037109375
-2938.587158203125
-2915.952880859375
-4878.3564453125
-1036.4248046875
-1408.1024169921875
-3166.88916015625
-1991.0260009765625
-2416.5771484375
-4108.79248046875
-1524.08056640625
-2894.196533203125
-4020.656494140625
-2231.011474609375
-2054.774658203125
-2017.5633544921875
-2751.08642578125
-3443.1015625
-3024.44091796875
-4182.21337890625
-977.7833862304688
-3462.646240234375
-4351.826171875
-4252.615234375
-606.9124145507812
-1648.1168212890625
-4262.97607421875
-1711.8780517578125
-2740.893310546875
-3659.138916015625
-4016.580810546875
-2556.955810546875
-3383.97119140625
-5669.86328125
-2266.14892578125
-2538.910888671875
-3153.451904296875
-2974.114501953125
-1795.3092041015625
-3000.59912109375
-3438.33056640625
-3073.982421875
-2773.668212890625
-2259.783203125
-1886.7955322265625
-1229.1365966796875
-578.1114501953125
-3515.020263671875
-2012.786376953125
-2208.429443359375
-1933.935546875
-1085.666748046875
-2789.65966796875
-4142.14404296875
-2474.752685546875
-4444.4580078125
-2121.263916015625
-2855.462158203125
-2213.802978515625
-1746.6851806640625
-2253.866943359375
-3116.56884765625
-2638.8701171875
-3163.496337890625
-1911.344970703125
-1170.6851806640625
-1357.7342529296875
-3558.425048828125
-1596.507080078125
-3465.214599609375
-2266.493896484375
-2253.453857421875
-4145.99609375
-3774.955322265625
-3412.618896484375
-2933.233154296875
-2604.368408203125
-2928.919677734375
-3205.249755859375
-2291.2568359375
-979.4856567382812
-1908.46923828125
-2817.253173828125
-2511.4775390625
-2507.7744140625
-2028.5184326171875
-1699.6632080078125
-989.61376953125
-4399.94384765625
-5316.52978515625
-2423.9404296875
-3172.13525390625
-2914.671142578125
-2960.310546875
-4073.944091796875
-3850.767333984375
-3442.465087890625
-3761.892578125
-2175.536865234375
-2742.83837890625
-3553.851318359375
-3627.24853515625
-2749.3046875
-3222.872314453125
-4024.887939453125
-2598.022216796875
-3032.969970703125
-1989.399658203125
-2450.86669921875
-3208.013916015625
-5420.81494140625
-1395.6102294921875
-2547.262451171875
-3025.660888671875
-3798.23388671875
-4752.4453125
-582.1026000976562
-804.5657348632812
-3624.88330078125
-2534.818115234375
-4804.12646484375
-2727.719482421875
-3742.277587890625
-3207.083984375
-2383.52099609375
-2384.62060546875
-4968.4296875
-5606.79541015625
-2398.126220703125
-5889.439453125
-3169.533935546875
-1985.96826171875
-2433.702392578125
-3063.357666015625
-1545.0487060546875
-1801.1805419921875
-3745.864501953125
-3274.890380859375
-3372.8203125
-2011.1204833984375
-768.22021484375
-4318.32373046875
-1139.930908203125
-2876.653564453125
-3105.0244140625
-1214.316650390625
-2397.6064453125
-3438.61474609375
-2855.971923828125
-3165.218017578125
-3138.046875
-2887.2529296875
-5250.00927734375
-2827.832275390625
-3206.69384765625
-1319.9556884765625
-720.6573486328125
-2962.784912109375
-1264.2425537109375
-4691.01220703125
-3802.31591796875
-1471.137451171875
-4025.444091796875
-1354.317626953125
-2996.16455078125
-3254.474853515625
-1380.0726318359375
-2566.384033203125
-4472.7685546875
-3618.776123046875
-4266.72509765625
-1626.0936279296875
-3338.296875
-4175.2763671875
-2972.579345703125
-835.9222412109375
-3417.373291015625
-2993.703125
-995.8035278320312
-3418.012451171875
-1459.0706787109375
-3151.212890625
-3508.441650390625
-2915.231689453125
-2044.1005859375
-2113.512451171875
-2863.69287109375
-3307.99560546875
-4945.1982421875
-791.3187866210938
-2993.127197265625
-1770.0859375
-3386.82861328125
-3332.298828125
-1510.787353515625
-2728.04443359375
-3872.430419921875
-2700.251708984375
-3259.079833984375
-2498.291748046875
-3367.223876953125
-2780.15478515625
-2008.8240966796875
-4122.65625
-3028.951904296875
-2175.9306640625
-2519.783935546875
-2860.90185546875
-6077.1884765625
-3593.0703125
-2118.7265625
-2789.192138671875
-2003.00927734375
-3822.943359375
-3039.86328125
-3556.277099609375
-2397.257568359375
-2532.82568359375
-2378.435546875
-5219.796875
-1251.2491455078125
-3196.279052734375
-1964.4920654296875
-2917.70263671875
-3726.323486328125
-2634.919677734375
-2634.648193359375
-2791.23046875
-3409.025634765625
-1261.0428466796875
-4143.6611328125
-3472.637939453125
-4049.236328125
-2605.64208984375
-2943.68359375
-4067.872314453125
-1558.26953125
-2375.119140625
-1982.0845947265625
-4545.333984375
-5426.88134765625
-2292.430419921875
-3844.56298828125
-2759.233154296875
-3066.30908203125
-2595.55029296875
-2868.509521484375
-1706.1973876953125
-641.5942993164062
-750.7959594726562
-5584.72509765625
-4293.24560546875
-2735.701171875
-5241.24072265625
-2978.3173828125
-2901.03955078125
-2293.385009765625
-955.8265991210938
-3192.027587890625
-2357.369384765625
-1619.3377685546875
-1570.3056640625
-1858.982421875
-3103.818359375
-1146.0927734375
-2505.293701171875
-4310.7109375
-2069.56396484375
-2095.342529296875
-4352.38330078125
-2253.88525390625
-3222.291259765625
-4299.2021484375
-1607.4169921875
-5570.48583984375
-2647.576416015625
-982.9050903320312
-1405.42578125
-1687.847412109375
-4392.33740234375
-4032.12060546875
-2623.8232421875
-3444.621826171875
-1838.1942138671875
-1278.6510009765625
-3083.359375
-3582.08154296875
-5580.3916015625
-2964.672119140625
-2463.4677734375
-2351.388427734375
-3324.266845703125
-3110.8076171875
-618.5814208984375
-3631.295166015625
-1920.10302734375
-2854.3818359375
-2838.748779296875
-2710.537353515625
-3103.1162109375
-2123.52294921875
-5159.7578125
-4642.64111328125
-3182.24658203125
-3652.75
-2799.79833984375
-1973.0706787109375
-3770.190185546875
-3006.84130859375
-2614.47705078125
-2389.28125
-1572.1329345703125
-3093.392333984375
-4109.18896484375
-3429.1494140625
-2032.7972412109375
-4267.80029296875
-3102.973876953125
-971.88671875
-1029.5047607421875
-5263.66748046875
-3825.0263671875
-3535.866943359375
-1722.2894287109375
-4058.75048828125
-2545.570068359375
-3573.748779296875
-2959.55224609375
-3448.79541015625
-4786.21875
-1923.2449951171875
-3039.64306640625
-3535.94677734375
-1254.355224609375
-3383.620361328125
-2881.90673828125
-1374.0704345703125
-3213.7216796875
-1627.210205078125
-4063.331298828125
-2740.488037109375
-3482.582763671875
-4045.94482421875
-2146.796630859375
-3308.651123046875
-3815.10693359375
-1551.6871337890625
-1281.1788330078125
-2054.457763671875
-3087.083984375
-2698.696533203125
-6740.0068359375
-2756.00048828125
-1841.8280029296875
-2858.022216796875
-3241.490966796875
-2541.68017578125
-3806.6328125
-4416.6484375
-3670.0693359375
-2713.690673828125
-2929.697509765625
-3472.75
-2517.322021484375
-3530.1083984375
-3358.30908203125
-3104.440673828125
-2757.34228515625
-2215.26708984375
-4722.5107421875
-3793.67529296875
-4047.743408203125
-2464.838134765625
-2124.953125
-3820.51708984375
-4652.8408203125
-440.4189147949219
-3055.956298828125
-784.1408081054688
-1095.975830078125
-1987.1024169921875
-4121.748046875
-1454.667236328125
-1512.83837890625
-3072.945556640625
-2730.35498046875
-2232.968017578125
-915.6619873046875
-2368.182861328125
-513.3538208007812
-3275.940673828125
-4070.92333984375
-2593.590576171875
-1389.126708984375
-2576.070556640625
-3023.3916015625
-2445.479736328125
-3095.717041015625
-3188.773681640625
-4340.45556640625
-2721.216064453125
-3803.15576171875
-2852.632080078125
-4613.77294921875
-3879.86083984375
-3206.684326171875
-1263.40673828125
-1859.3109130859375
-3216.858642578125
-4483.75
-1287.6756591796875
-1630.1510009765625
-4649.94482421875
-3517.024658203125
-3532.099365234375
-3736.5537109375
-592.5693359375
-3440.572021484375
-3425.216064453125
-1688.9403076171875
-2524.31640625
-3270.16162109375
-3119.146240234375
-4009.6083984375
-2727.0537109375
-3361.803955078125
-1398.67529296875
-3758.73193359375
-2908.23291015625
-2810.0068359375
-4595.47607421875
-3074.81298828125
-3167.87548828125
-2708.527099609375
-4762.67822265625
-1825.9359130859375
-2276.004638671875
-3887.00830078125
-1617.474365234375
-4518.0
-1619.8099365234375
-3308.268798828125
-1451.5899658203125
-2511.541015625
-2881.36474609375
-3048.925048828125
-1347.4119873046875
-3724.138916015625
-1442.1563720703125
-1065.0836181640625
-3311.429443359375
-1081.0362548828125
-4813.15380859375
-3144.937255859375
-2995.824951171875
-4316.6181640625
-897.983642578125
-3116.84814453125
-2305.58154296875
-1245.7237548828125
-2908.599853515625
-2575.05419921875
-2999.12744140625
-2609.61083984375
-3223.053466796875
-665.5758056640625
-2820.27734375
-3708.374755859375
-4848.9990234375
-3885.67041015625
-1066.10400390625
-3504.419677734375
-2435.64208984375
-4609.78515625
-2893.60400390625
-2187.349609375
-3232.30224609375
-2080.267578125
-2866.165283203125
-2983.366455078125
-3397.31201171875
-856.8115234375
-1866.66796875
-3422.599365234375
-3102.227783203125
-4539.02490234375
-2327.8974609375
-2627.61181640625
-4263.77880859375
-1606.2257080078125
-3253.017822265625
-5454.04345703125
-3294.018798828125
-1635.8597412109375
-3637.930419921875
-3329.7724609375
-2804.61279296875
-1453.67333984375
-3161.156005859375
-3194.915771484375
-3264.539306640625
-1461.71337890625
-932.2645874023438
-2431.812255859375
-3699.974853515625
-2360.793701171875
-4366.271484375
-4348.65283203125
-1622.1434326171875
-3378.72509765625
-4833.30078125
-4350.75927734375
-3802.819091796875
-3512.636962890625
-1421.2596435546875
-2657.21484375
-4712.44970703125
-4089.909423828125
-5597.7138671875
-1402.9111328125
-1575.1248779296875
-3519.073486328125
-3465.540283203125
-2297.377197265625
-4012.644775390625
-2149.3046875
-3316.423583984375
-4052.274658203125
-3009.708984375
-3322.58349609375
-3767.816162109375
-3067.9755859375
-2667.244140625
-2871.682861328125
-1601.3759765625
-5291.9716796875
-3850.031982421875
-2683.40869140625
-1221.66796875
-3442.451416015625
-1216.1015625
-2570.629638671875
-3173.599853515625
-4024.03076171875
-2364.5849609375
-2292.99365234375
-2991.916748046875
-1616.3673095703125
-2642.418701171875
-3148.85107421875
-3036.1357421875
-3432.823486328125
-2311.906494140625
-3787.82177734375
-4187.94091796875
-2995.35498046875
-1914.0174560546875
-1535.9271240234375
-3888.978271484375
-3863.808837890625
-3619.604736328125
-2290.5107421875
-3769.07177734375
-4464.96875
-4499.9921875
-3809.02197265625
-2213.185791015625
-4229.50048828125
-2793.9716796875
-3827.33935546875
-3740.6484375
-940.6945190429688
-3910.820068359375
-1624.680419921875
-847.7144775390625
-760.4522094726562
-3482.51220703125
-2146.74951171875
-1811.2552490234375
-3306.373291015625
-4038.819091796875
-3279.51318359375
-2402.031494140625
-5770.2822265625
-1829.4764404296875
-3635.02978515625
-3456.57666015625
-2746.533203125
-3245.451904296875
-1892.4129638671875
-3525.113525390625
-3747.4619140625
-2699.715576171875
-2544.197265625
-1758.5849609375
-2142.08935546875
-3272.150634765625
-2754.2646484375
-2133.553466796875
-1577.58447265625
-2110.75
-3086.439208984375
-929.6771850585938
-3355.691650390625
-2990.4541015625
-5191.44384765625
-2751.4697265625
-3163.098876953125
-3356.298095703125
-2878.463134765625
-2930.632568359375
-3506.947021484375
-2604.82958984375
-2118.320068359375
-2770.291748046875
-4133.57568359375
-3903.4462890625
-3395.46435546875
-3192.95166015625
-2223.78271484375
-641.0317993164062
-2865.4541015625
-3209.01318359375
-4433.1943359375
-2065.810302734375
-3303.024658203125
-3274.235595703125
-2185.117431640625
-2785.895263671875
-1238.655029296875
-1257.6864013671875
-3554.086669921875
-1281.4713134765625
-3678.67578125
-1629.2237548828125
-4985.7890625
-3552.133056640625
-3102.478759765625
-2376.52978515625
-897.1734008789062
-3320.853271484375
-3888.03076171875
-3416.0703125
-3871.256103515625
-932.7832641601562
-4677.51611328125
-3114.313232421875
-3008.878662109375
-3295.83984375
-3443.7666015625
-3607.510009765625
-3140.83642578125
-1790.4393310546875
-1307.846923828125
-1129.546142578125
-4575.71337890625
-2001.5120849609375
-2159.244873046875
-3787.54833984375
-4317.021484375
-2689.2763671875
-5129.04541015625
-3379.2822265625
-5299.5791015625
-2901.776123046875
-2224.889892578125
-1967.3333740234375
-4437.3232421875
-1652.3641357421875
-3061.903564453125
-2144.90478515625
-2461.072265625
-3560.10498046875
-4170.53955078125
-4816.99169921875
-3121.5927734375
-852.0202026367188
-2880.517578125
-2351.22998046875
-2974.781005859375
-5122.25244140625
-4302.595703125
-1714.7286376953125
-2599.12451171875
-2145.27685546875
-3180.454345703125
-2805.7529296875
-4361.68896484375
-1768.8773193359375
-2166.729736328125
-4537.677734375
-3812.15625
-3726.7744140625
-4106.43701171875
-1749.1005859375
-5006.2236328125
-5190.31298828125
-3407.879150390625
-4098.2275390625
-3454.092529296875
-1757.0001220703125
-5168.65625
-3158.661376953125
-3424.390869140625
-3596.8359375
-1951.6046142578125
-3453.449951171875
-4041.103271484375
-3536.133544921875
-1933.99169921875
-1672.3670654296875
-3484.483154296875
-3140.849853515625
-3090.880126953125
-3928.87548828125
-3995.520751953125
-4639.65576171875
-957.7334594726562
-4486.97705078125
-1930.6300048828125
-2707.947021484375
-3125.939208984375
-3593.228759765625
-3405.556884765625
-3873.6318359375
-1265.61328125
-3061.101806640625
-2405.480712890625
-4052.950439453125
-1197.0406494140625
-2807.27587890625
-1713.868896484375
-2304.642578125
-2335.545166015625
-2200.746826171875
-3340.498291015625
-3572.72705078125
-2936.580322265625
-2024.1334228515625
-1037.175048828125
-3793.37158203125
-4214.28857421875
-2830.687255859375
-3425.610595703125
-1095.763427734375
-2736.9306640625
-721.46044921875
-3143.993408203125
-1872.41455078125
-2048.126953125
-3635.808837890625
-3860.318115234375
-1289.7607421875
-2072.963623046875
-3122.182861328125
-1916.0792236328125
-4778.11474609375
-4459.38916015625
-3097.95947265625
-4201.21875
-3503.254150390625
-1322.5814208984375
-1730.641357421875
-1732.1817626953125
-3195.15087890625
-3802.438720703125
-1105.2093505859375
-1999.9017333984375
-3939.7841796875
-3683.584716796875
-4545.69970703125
-4089.486572265625
-3372.353271484375
-3329.331298828125
-4386.611328125
-4044.04541015625
-2529.17236328125
-2793.866943359375
-1908.9188232421875
-3502.405517578125
-4346.37158203125
-1674.520263671875
-3891.759033203125
-4089.280029296875
-6277.20068359375
-4232.73095703125
-4295.19091796875
-4071.23828125
-2145.8759765625
-2709.364501953125
-4048.9931640625
-3153.9501953125
-2418.445068359375
-3225.619873046875
-3170.376220703125
-3786.38427734375
-3604.5263671875
-4167.13818359375
-4111.27734375
-4542.38916015625
-1903.2421875
-2530.910400390625
-3327.518798828125
-3687.347412109375
-3890.98095703125
-2498.579833984375
-3415.4619140625
-1368.2509765625
-2690.226806640625
-3778.425537109375
-2626.287109375
-1548.0369873046875
-2616.093017578125
-3457.25439453125
-6822.9130859375
-3552.038818359375
-3629.30517578125
-3014.14501953125
-5008.73486328125
-4548.7490234375
-2930.14501953125
-2267.92919921875
-4910.60205078125
-5752.65673828125
-2976.08935546875
-931.5460815429688
-4094.171630859375
-2519.979248046875
-1039.047119140625
-2951.419921875
-1312.759765625
-3111.95263671875
-2323.22119140625
-3975.599365234375
-3339.7724609375
-4933.5966796875
-2903.41796875
-3573.67041015625
-2967.236572265625
-2694.817138671875
-2382.312744140625
-2740.31640625
-2182.92138671875
-2821.927734375
-2123.034912109375
-1395.34228515625
-4553.9345703125
-5308.5478515625
-3422.234130859375
-3222.783935546875
-1588.27587890625
-1298.2613525390625
-2764.968994140625
-2827.62158203125
-2409.92041015625
-3012.80908203125
-2422.422119140625
-3446.10595703125
-3479.594482421875
-3948.251953125
-2627.110107421875
-4233.8203125
-3611.945068359375
-3812.089599609375
-2126.14990234375
-2865.00341796875
-2009.02099609375
-2489.193115234375
-1416.521484375
-3033.293212890625
-1318.01611328125
-4427.76171875
-1541.643798828125
-3121.956787109375
-5424.478515625
-2710.25390625
-4235.3291015625
-5398.34326171875
-2068.39697265625
-4878.43212890625
-3010.154296875
-3847.155517578125
-3208.5009765625
-4796.85302734375
-3853.266845703125
-2582.809814453125
-1282.123291015625
-4413.03271484375
-3253.91845703125
-3215.85546875
-3032.974853515625
-3854.032470703125
-3977.626953125
-2160.247802734375
-2064.139404296875
-3497.817626953125
-3646.59814453125
-3657.121826171875
-2474.19482421875
-1371.720947265625
-3310.946044921875
-3716.965576171875
-1874.4630126953125
-4184.2236328125
-3309.0537109375
-3169.462646484375
-4712.0
-3724.95849609375
-2614.35986328125
-3914.59130859375
-2279.14501953125
-2978.28125
-1411.360107421875
-3630.90185546875
-3829.709228515625
-688.9840698242188
-2256.001220703125
-2849.04150390625
-3881.254150390625
-3659.9189453125
-3221.752197265625
-4186.5205078125
-4623.54541015625
-1168.37646484375
-3560.89892578125
-1355.2423095703125
-2610.3671875
-1830.174560546875
-3412.91845703125
-2592.55322265625
-3610.482666015625
-4304.39697265625
-2661.256591796875
-2169.193115234375
-6468.642578125
-3969.9609375
-2079.2451171875
-3920.818359375
-835.9370727539062
-4587.58349609375
-3254.996337890625
-2531.87109375
-4311.98974609375
-2513.49072265625
-2352.995361328125
-3088.993408203125
-4688.421875
-2907.07275390625
-4790.9404296875
-1237.612060546875
-1879.908447265625
-1735.019287109375
-3124.882568359375
-1363.13671875
-2169.05810546875
-2012.468994140625
-2112.644287109375
-1196.810791015625
-3569.237548828125
-5246.7080078125
-2973.774658203125
-1103.1866455078125
-2443.794189453125
-2870.65869140625
-1533.4942626953125
-4054.529052734375
-1220.9072265625
-3262.7880859375
-3554.907958984375
-3455.2607421875
-3798.476806640625
-640.7167358398438
-3277.01318359375
-6553.31201171875
-4067.867919921875
-2562.79931640625
-3725.933349609375
-2834.62939453125
-2248.300537109375
-3074.011474609375
-3294.172119140625
-2034.2655029296875
-1454.0543212890625
-3462.35986328125
-1569.359130859375
-1818.623046875
-1925.994140625
-4012.226318359375
-2472.322265625
-1947.826416015625
-4983.494140625
-2073.98388671875
-5425.013671875
-4692.85009765625
-1770.886962890625
-3178.234619140625
-3711.55029296875
-2100.031494140625
-2851.47265625
-2543.93212890625
-3445.63330078125
-3421.026123046875
-2764.525146484375
-4179.97607421875
-3651.24755859375
-2686.743408203125
-1553.0718994140625
-3365.8115234375
-2308.03173828125
-4347.634765625
-3874.427001953125
-2425.345703125
-3106.868408203125
-3046.068359375
-2669.33935546875
-2155.609375
-3418.2578125
-2074.6259765625
-2790.364013671875
-4229.568359375
-4875.990234375
-828.03857421875
-2436.56591796875
-3331.608642578125
-709.1647338867188
-4969.87890625
-2726.23095703125
-4423.62451171875
-3604.92919921875
-2228.544677734375
-4464.65478515625
-4265.27099609375
-4794.65478515625
-4527.77001953125
-668.7142944335938
-5517.28173828125
-2774.14453125
-2042.1014404296875
-2438.964599609375
-4242.38134765625
-1789.4744873046875
-3745.59814453125
-1820.87060546875
-2847.33935546875
-3061.9365234375
-3488.9140625
-4758.0302734375
-4037.24755859375
-2478.3427734375
-3009.94873046875
-2763.08154296875
-2951.2421875
-3145.604248046875
-3014.9453125
-3959.550048828125
-2118.265869140625
-3476.406494140625
-2485.176513671875
-2919.446533203125
-2189.378662109375
-2924.30517578125
-4138.76416015625
-2903.211181640625
-1759.3985595703125
-3194.4345703125
-1642.3377685546875
-1758.3934326171875
-4167.09716796875
-3451.970703125
-4664.46142578125
-2903.7080078125
-3245.958984375
-1427.095703125
-2918.7958984375
-2558.956298828125
-2379.069091796875
-3490.197509765625
-2021.697998046875
-3492.098388671875
-2634.975341796875
-2933.240234375
-2377.09375
-1485.492431640625
-3847.737548828125
-2543.852294921875
-4240.45556640625
-4082.2578125
-3398.34814453125
-3864.641845703125
-3916.1474609375
-2115.7236328125
-4227.81884765625
-2596.738037109375
-3896.871337890625
-1622.3585205078125
-5490.455078125
-3493.65771484375
-2026.8197021484375
-1789.7412109375
-3113.15234375
-2250.6962890625
-1996.9686279296875
-2343.774169921875
-2038.9674072265625
-2980.6708984375
-2913.182373046875
-2567.52294921875
-5474.25146484375
-3382.451171875
-670.6021728515625
-2622.83203125
-3143.211181640625
-987.1815185546875
-5056.81005859375
-3216.679931640625
-4169.28173828125
-4647.9970703125
-4719.60498046875
-2709.980224609375
-1861.503662109375
-3026.59326171875
-2953.218505859375
-2714.219970703125
-4012.23974609375
-2040.8055419921875
-2351.43896484375
-3955.287841796875
-2853.6572265625
-1782.6171875
-4160.91845703125
-3739.23779296875
-3595.64208984375
-4311.14501953125
-3603.59033203125
-855.5689697265625
-3851.390869140625
-2107.32470703125
-4129.41162109375
-3044.47509765625
-3033.74169921875
-2820.13525390625
-4056.95361328125
-3961.485595703125
-1101.1064453125
-3751.379150390625
-1255.3101806640625
-3662.00732421875
-5258.84814453125
-2299.91650390625
-1964.4691162109375
-2000.066650390625
-4073.515380859375
-7336.38134765625
-2586.1767578125
-1831.534912109375
-3677.835205078125
-2255.67822265625
-2919.999755859375
-4994.66943359375
-3527.888427734375
-4351.49560546875
-2229.830810546875
-4369.22607421875
-4056.94970703125
-1147.3187255859375
-4764.9755859375
-2454.250732421875
-3301.001953125
-2841.240234375
-4529.15673828125
-1657.7696533203125
-1083.2139892578125
-2679.7490234375
-2842.856201171875
-2694.46533203125
-1075.2220458984375
-4531.27783203125
-3033.602783203125
-3260.030029296875
-3088.200439453125
-2825.518310546875
-5787.85595703125
-3294.16162109375
-4409.513671875
-2407.9453125
-4024.668701171875
-3980.923095703125
-3589.81884765625
-3162.130615234375
-4399.9091796875
-3401.18115234375
-3127.183837890625
-2754.75
-3576.306884765625
-4482.67822265625
-1334.550537109375
-1380.6290283203125
-4872.88037109375
-3616.6494140625
-1611.2532958984375
-3323.036376953125
-4741.42919921875
-2169.5107421875
-2272.399658203125
-3524.773681640625
-2969.69580078125
-3244.004638671875
-3838.755126953125
-2004.0732421875
-2062.279296875
-2584.325927734375
-4607.83984375
-1655.96875
-5202.39501953125
-2624.540771484375
-4258.0361328125
-2768.846923828125
-3450.91455078125
-1741.172119140625
-3861.663818359375
-3407.515869140625
-978.394287109375
-3609.972900390625
-5218.0537109375
-5216.32568359375
-3404.791259765625
-551.3530883789062
-4446.05517578125
-3117.003662109375
-4312.771484375
-975.9816284179688
-2677.208251953125
-4234.00927734375
-4204.4130859375
-3828.342529296875
-4506.8828125
-4239.17578125
-3342.712158203125
-3701.986328125
-4801.03369140625
-3777.019287109375
-5519.8701171875
-2915.26416015625
-4103.294921875
-3228.585693359375
-2809.730224609375
-3239.907470703125
-3685.721435546875
-4799.73486328125
-2613.321533203125
-3736.121826171875
-1806.7257080078125
-3815.665283203125
-3343.12744140625
-1066.47119140625
-2071.0791015625
-3034.01171875
-2223.099365234375
-4937.701171875
-3473.39013671875
-4903.10302734375
-3301.262939453125
-3237.2900390625
-2585.2568359375
-3561.122314453125
-3454.8037109375
-1960.5538330078125
-4902.0615234375
-3196.1787109375
-1451.9166259765625
-2411.732177734375
-2833.658935546875
-1717.2764892578125
-3259.191162109375
-3463.41650390625
-756.6997680664062
-1510.1658935546875
-3503.39013671875
-2090.59765625
-3133.065185546875
-2524.76318359375
-1316.4625244140625
-4010.46728515625
-1278.8248291015625
-2874.50341796875
-1922.3773193359375
-2278.920654296875
-4668.39990234375
-2076.2080078125
-2462.07275390625
-3449.13427734375
-2396.168212890625
-1118.998046875
-3745.945556640625
-3351.05517578125
-1538.4923095703125
-5207.35986328125
-2542.810546875
-1182.5933837890625
-2509.700439453125
-4206.68359375
-3779.96337890625
-2953.025146484375
-3958.1982421875
-3547.30322265625
-2195.199951171875
-3331.10888671875
-3149.3212890625
-4331.38623046875
-2971.194091796875
-3468.93603515625
-2641.125244140625
-2757.96435546875
-4284.18994140625
-2102.177734375
-4882.91650390625
-3105.67431640625
-4976.77001953125
-1867.5826416015625
-4545.72607421875
-2312.533935546875
-3878.87890625
-1016.31005859375
-3335.57666015625
-2821.973388671875
-4112.19189453125
-5283.08447265625
-3100.881103515625
-1983.6580810546875
-3204.58837890625
-3200.70458984375
-3390.406982421875
-3940.701416015625
-5427.25439453125
-4309.55517578125
-3781.485107421875
-5095.68017578125
-3576.286865234375
-4962.86572265625
-4238.06591796875
-2111.815185546875
-2748.385009765625
-3821.798828125
-1999.7908935546875
-3758.207275390625
-2871.25048828125
-3124.63525390625
-2869.669189453125
-4180.9599609375
-3257.75146484375
-2359.833740234375
-3226.43212890625
-1551.818115234375
-2585.508544921875
-4283.92578125
-2533.028076171875
-2873.587890625
-2118.815185546875
-4224.44677734375
-2171.950439453125
-2110.8896484375
-2790.19873046875
-1969.8436279296875
-2544.453369140625
-3736.345947265625
-3963.54736328125
-4410.71630859375
-1407.3720703125
-4485.82763671875
-3139.140380859375
-2162.07275390625
-4664.49658203125
-2724.20751953125
-5093.44384765625
-5461.82763671875
-2256.331787109375
-2836.0927734375
-1255.420654296875
-954.0919189453125
-829.9366455078125
-1796.2928466796875
-3773.117919921875
-2828.69287109375
-4057.454345703125
-3184.834716796875
-3066.6513671875
-1147.07861328125
-1929.50830078125
-5261.18115234375
-3365.264892578125
-1171.2161865234375
-4094.593505859375
-3761.29638671875
-4284.130859375
-2972.73388671875
-3263.5341796875
-5847.09375
-4676.525390625
-2809.51806640625
-3173.39306640625
-2483.833251953125
-2226.739013671875
-1284.95166015625
-3580.047607421875
-2724.32080078125
-2855.995849609375
-3947.45849609375
-2731.634765625
-3459.987548828125
-4157.26123046875
-1714.637939453125
-3393.406005859375
-2466.27099609375
-3733.688232421875
-3212.750244140625
-2757.890625
-7192.37939453125
-3128.5927734375
-2891.27685546875
-3140.2080078125
-4282.39453125
-3243.77734375
-2179.875
-1880.2608642578125
-4096.46728515625
-4540.19384765625
-1869.805908203125
-3875.682373046875
-2530.60009765625
-4164.2939453125
-3364.168212890625
-2752.085205078125
-4183.93310546875
-3763.802978515625
-3417.011962890625
-1063.770751953125
-1704.948974609375
-3474.98193359375
-4299.0224609375
-1564.6573486328125
-3724.72607421875
-3256.0751953125
-4379.89794921875
-1549.0443115234375
-3817.757568359375
-4224.44287109375
-2484.44921875
-931.1753540039062
-3177.753662109375
-5059.58056640625
-889.863525390625
-1931.4505615234375
-2990.8681640625
-4192.99267578125
-5880.27880859375
-4308.759765625
-2053.437255859375
-3893.168701171875
-3153.028076171875
-2756.093505859375
-7121.7578125
-3988.66845703125
-4180.28662109375
-3266.98388671875
-4528.51123046875
-2868.981201171875
-4097.18408203125
-2500.45703125
-3253.910888671875
-3763.662109375
-2932.013916015625
-2107.236572265625
-1534.5498046875
-4990.68603515625
-3480.039306640625
-4687.03955078125
-3607.553955078125
-1845.9871826171875
-3797.580078125
-1121.664306640625
-4110.91015625
-3624.89453125
-4151.58154296875
-4305.416015625
-3958.19482421875
-1038.4248046875
-3209.58447265625
-2124.78515625
-1950.719970703125
-3896.616455078125
-1638.131103515625
-4440.61279296875
-3660.926513671875
-2176.345947265625
-2030.0902099609375
-3257.788330078125
-3613.544921875
-2777.237548828125
