-197642.5
-164909.34375
-145062.046875
-102137.1640625
-77606.171875
-69522.3671875
-60654.40625
-53643.34765625
-47820.0859375
-42100.9453125
-37762.74609375
-36351.88671875
-34099.97265625
-28669.3125
-27210.978515625
-24973.419921875
-24169.318359375
-23181.509765625
-25474.70703125
-23802.92578125
-20601.767578125
-19454.84375
-17783.904296875
-18427.724609375
-15669.1630859375
-16239.7421875
-16143.93359375
-15666.169921875
-15155.5380859375
-15756.4267578125
-12445.9775390625
-14977.669921875
-14415.4873046875
-15478.9013671875
-11925.2724609375
-11780.90625
-12363.4384765625
-11614.865234375
-12615.25
-11524.49609375
-11997.369140625
-12090.900390625
-11847.7666015625
-11165.34375
-10335.74609375
-10711.6640625
-10879.1328125
-10149.5478515625
-10378.6875
-11169.833984375
-10129.0712890625
-9299.1796875
-10941.5712890625
-9926.26953125
-10503.5419921875
-10138.8837890625
-9905.4453125
-10443.8720703125
-10220.923828125
-8483.080078125
-8964.705078125
-9957.53515625
-9601.611328125
-8592.193359375
-9148.2705078125
-8641.466796875
-8540.09765625
-9048.3896484375
-8273.2998046875
-8926.44140625
-8092.3720703125
-7524.09228515625
-7648.9287109375
-8377.4033203125
-9233.5400390625
-7958.45166015625
-8298.5146484375
-8623.06640625
-6791.88671875
-8860.40234375
-7993.06396484375
-8196.8662109375
-7309.72998046875
-7743.3076171875
-7548.61328125
-7902.162109375
-6885.63330078125
-6565.4560546875
-7404.4736328125
-7206.6611328125
-7639.52099609375
-6449.4658203125
-7601.18359375
-7145.3251953125
-7152.18701171875
-7164.44384765625
-7088.0732421875
-8577.251953125
-6495.80859375
-6771.740234375
-7647.68359375
-7623.662109375
-6951.0166015625
-6862.99560546875
-6642.12451171875
-6915.28125
-7643.98583984375
-7377.61865234375
-5725.30322265625
-6662.11572265625
-6112.89990234375
-6698.64453125
-6856.10205078125
-6774.7666015625
-7142.25537109375
-6869.41455078125
-5657.26806640625
-6284.95703125
-6036.525390625
-5860.84033203125
-6988.56689453125
-6968.6494140625
-6140.6171875
-7613.83984375
-5774.24658203125
-7298.1552734375
-5487.32470703125
-6348.736328125
-6540.17333984375
-6745.33837890625
-7025.3349609375
-7107.16162109375
-6400.33056640625
-5231.36865234375
-5666.53515625
-7073.53662109375
-6377.42041015625
-7062.99267578125
-6598.63037109375
-5983.33837890625
-5678.05224609375
-5586.58740234375
-6347.83984375
-6785.091796875
-5485.34521484375
-6275.73388671875
-6168.6787109375
-6414.634765625
-6486.77001953125
-4231.65234375
-5511.359375
-6169.3916015625
-6275.4990234375
-5001.38720703125
-6822.5078125
-6091.7880859375
-6053.365234375
-6696.7001953125
-6544.59765625
-6127.3173828125
-5473.97021484375
-5207.900390625
-5748.1640625
-6060.71630859375
-6149.01220703125
-6056.51611328125
-6080.06591796875
-5231.1845703125
-5531.55224609375
-6221.31396484375
-5893.73486328125
-5341.4697265625
-5991.09765625
-5434.361328125
-6969.08203125
-5728.734375
-5451.60009765625
-5997.5400390625
-5807.94970703125
-6031.33447265625
-5892.80517578125
-6325.96630859375
-6862.41650390625
-6233.53076171875
-6528.392578125
-6057.81982421875
-5961.7841796875
-6067.87548828125
-6073.5205078125
-6929.3955078125
-6296.7197265625
-6252.34033203125
-6585.4306640625
-6127.5263671875
-5895.45556640625
-4823.720703125
-6414.384765625
-5875.50732421875
-5489.17724609375
-5372.85693359375
-6105.8583984375
-6161.08544921875
-6246.0380859375
-5816.38671875
-6064.2490234375
-6039.0517578125
-4851.841796875
-5263.4794921875
-5804.072265625
-5402.73193359375
-6044.94482421875
-6448.640625
-6411.13330078125
-5875.81884765625
-6400.84423828125
-5857.75
-5116.0888671875
-5374.9912109375
-6382.283203125
-6220.69189453125
-5760.4765625
-6328.3837890625
-6214.1044921875
-6478.6005859375
-6313.69140625
-6233.05029296875
-6181.693359375
-5865.48779296875
-6568.4658203125
-6236.412109375
-5508.26416015625
-6777.19384765625
-5365.36669921875
-5618.64013671875
-5588.99609375
-5540.83935546875
-6316.7314453125
-5918.59375
-5493.67041015625
-6299.21826171875
-5487.4296875
-6815.33251953125
-6354.60009765625
-5611.2890625
-5585.931640625
-5644.98291015625
-5843.947265625
-6563.52783203125
-6298.4560546875
-7282.20458984375
-6370.19091796875
-6124.484375
-5734.56884765625
-5946.36572265625
-6327.64501953125
-5725.8720703125
-5703.892578125
-5216.71826171875
-7043.720703125
-5507.66943359375
-6466.56201171875
-5086.07177734375
-5638.3232421875
-5555.46923828125
-5845.009765625
-5377.69384765625
-6474.7919921875
-5643.70263671875
-5806.31591796875
-5909.990234375
-5395.189453125
-4714.84375
-5731.13525390625
-6472.9384765625
-5636.224609375
-5558.7158203125
-5868.81982421875
-5745.0439453125
-5835.599609375
-5463.3427734375
-5522.2314453125
-6209.75
-6521.4541015625
-5752.64599609375
-6308.5263671875
-6506.23095703125
-5782.419921875
-6480.60986328125
-5359.2255859375
-5581.0869140625
-5694.5576171875
-5834.32763671875
-5447.201171875
-5678.787109375
-6603.951171875
-5506.91845703125
-6637.359375
-6011.64599609375
-5717.77490234375
-5730.330078125
-5554.49560546875
-5735.74072265625
-5831.50439453125
-6190.6962890625
-5911.3505859375
-5944.9453125
-5913.78515625
-5985.078125
-5613.783203125
-6287.8115234375
-5711.1923828125
-5208.38232421875
-6740.201171875
-4798.9345703125
-4960.78515625
-6226.1259765625
-6731.7685546875
-6086.6015625
-6473.9326171875
-5773.4287109375
-6031.794921875
-5865.27490234375
-5867.8291015625
-4923.89453125
-4888.11328125
-5726.0361328125
-5063.2373046875
-6088.62744140625
-5851.0673828125
-5814.52392578125
-6121.9384765625
-5762.56787109375
-5710.97021484375
-6430.8251953125
-6433.45166015625
-6605.91162109375
-5688.01513671875
-6276.44775390625
-6589.572265625
-6824.33740234375
-5930.90087890625
-6060.26611328125
-5971.65478515625
-5549.873046875
-5975.8818359375
-6024.1572265625
-6218.00830078125
-6533.41455078125
-5511.85693359375
-6080.63427734375
-6173.591796875
-5732.26220703125
-5972.4873046875
-5946.8134765625
-5696.4658203125
-5870.45361328125
-5866.3173828125
-5847.3564453125
-5747.72265625
-5703.8447265625
-5535.3486328125
-5327.82958984375
-5625.849609375
-6215.79345703125
-5936.2255859375
-5858.13330078125
-6098.41015625
-6146.41943359375
-6141.04736328125
-5888.15771484375
-6030.330078125
-6061.048828125
-6031.40087890625
-5849.501953125
-5814.677734375
-5552.9521484375
-6642.92626953125
-5104.84375
-5903.0947265625
-5174.736328125
-6073.607421875
-6092.8046875
-5920.74267578125
-6191.63671875
-5626.64697265625
-6027.82763671875
-6178.95263671875
-5940.4931640625
-6245.26708984375
-5670.37744140625
-5680.576171875
-5703.40673828125
-6155.5458984375
-6286.72802734375
-6157.61083984375
-6217.134765625
-5874.8056640625
-5857.65283203125
-5791.7744140625
-5825.21484375
-6220.1552734375
-5903.048828125
-6354.4404296875
-6066.18017578125
-6666.14990234375
-6167.5791015625
-5697.81689453125
-6082.92041015625
-6728.818359375
-5736.5654296875
-5888.45263671875
-6100.0693359375
-5622.97802734375
-6086.296875
-6190.73779296875
-6309.67041015625
-6087.0126953125
-6179.486328125
-6040.87255859375
-6168.55859375
-7004.849609375
-5879.0029296875
-5710.1484375
-5847.15966796875
-5676.90283203125
-5927.21923828125
-6059.97900390625
-6542.74609375
-6139.93701171875
-5989.365234375
-5811.6259765625
-5947.92724609375
-5992.58251953125
-7033.2587890625
-5758.63818359375
-6006.2509765625
-6346.5146484375
-6119.41357421875
-6388.1337890625
-6049.310546875
-6300.0791015625
-5975.5
-6221.5068359375
-6224.46484375
-5928.31591796875
-6176.89306640625
-6146.986328125
-6156.1064453125
-6026.03955078125
-6084.70068359375
-6297.333984375
-5386.810546875
-6027.1572265625
-5996.845703125
-6053.60400390625
-5711.0068359375
-5946.044921875
-6122.82275390625
-5166.15966796875
-5924.2939453125
-6211.6748046875
-6160.521484375
-6065.3916015625
-5894.05322265625
-5976.86328125
-5788.9267578125
-5354.07861328125
-5714.91552734375
-6139.5029296875
-6112.74658203125
-6361.8515625
-6045.2099609375
-6404.3369140625
-6372.38671875
-6489.123046875
-6143.29248046875
-6269.31787109375
-5856.35595703125
-5918.677734375
-6125.25390625
-5920.80908203125
-5841.55126953125
-5273.26220703125
-6135.37646484375
-6031.81396484375
-6147.4345703125
-6116.41650390625
-5747.25634765625
-5797.32958984375
-6483.44189453125
-6244.2890625
-6297.64208984375
-5914.6611328125
-6018.79736328125
-6327.427734375
-6113.08837890625
-6081.94677734375
-5995.3193359375
-5964.6142578125
-5556.67138671875
-6231.44775390625
-6342.2724609375
-6102.90869140625
-6250.763671875
-6422.34033203125
-6047.34765625
-5911.37646484375
-5793.31103515625
-5910.0263671875
-5990.9853515625
-6089.890625
-6294.615234375
-5615.36669921875
-6020.494140625
-6013.65478515625
-6356.32568359375
-5716.8662109375
-5606.900390625
-5741.27001953125
-6344.84765625
-6094.125
-5991.51708984375
-5748.89697265625
-5870.40478515625
-6140.51025390625
-5919.52294921875
-6069.98193359375
-6056.267578125
-5704.92333984375
-5554.97998046875
-5391.96142578125
-5718.91259765625
-5143.59912109375
-6035.99560546875
-6374.2177734375
-6215.44970703125
-5840.962890625
-5725.9443359375
-5606.53466796875
-6330.1376953125
-5626.58837890625
-5537.4130859375
-5473.42431640625
-6482.02978515625
-5679.93408203125
-6209.97021484375
-5197.52685546875
-5384.1103515625
-5761.0205078125
-5880.94921875
-5982.15478515625
-6426.19189453125
-5763.658203125
-5484.73388671875
-5502.0634765625
-6028.45166015625
-5540.81005859375
-5341.6865234375
-5804.2626953125
-5954.3291015625
-5392.9306640625
-5822.54541015625
-6824.935546875
-5870.9462890625
-5447.861328125
-6381.38232421875
-5777.22998046875
-5636.2626953125
-5442.94580078125
-5536.65771484375
-5651.80078125
-6046.7275390625
-5316.51806640625
-5453.009765625
-5213.9443359375
-5613.197265625
-5577.25732421875
-6043.5458984375
-6002.634765625
-5494.875
-5624.60009765625
-5461.01513671875
-5637.8251953125
-6209.53271484375
-5689.9013671875
-5734.6669921875
-5566.6865234375
-5644.82373046875
-5612.3251953125
-5970.60791015625
-5604.07958984375
-5775.265625
-5270.896484375
-6135.6142578125
-5627.92138671875
-5185.197265625
-5669.626953125
-5262.791015625
-5276.57177734375
-5892.54248046875
-5823.119140625
-5785.24365234375
-5895.25439453125
-5666.22119140625
-5741.35888671875
-5450.30810546875
-5627.5107421875
-5500.54296875
-5728.55322265625
-5429.4404296875
-5215.91259765625
-5480.60595703125
-5480.7421875
-5438.59619140625
-6140.30224609375
-5461.3037109375
-5690.0546875
-5641.49951171875
-5786.8447265625
-5431.4208984375
-5858.31396484375
-5652.84765625
-5503.75634765625
-5353.361328125
-5307.45849609375
-5738.029296875
-5594.87744140625
-5752.16943359375
-5375.2470703125
-5941.896484375
-5757.716796875
-5469.84228515625
-5789.3515625
-5789.75830078125
-5723.21142578125
-6182.06689453125
-5891.654296875
-5819.890625
-5876.89208984375
-5750.45703125
-5720.53125
-5399.61962890625
-5902.58349609375
-5724.42138671875
-5697.3759765625
-5669.24853515625
-5572.47314453125
-6131.66796875
-5940.27099609375
-5057.03369140625
-5618.52099609375
-5811.50830078125
-5664.78466796875
-5647.26025390625
-5762.88671875
-5782.568359375
-5955.345703125
-5674.14794921875
-5809.4912109375
-5263.60986328125
-5484.50439453125
-5834.76513671875
-5822.64111328125
-5980.2265625
-5882.36962890625
-5370.728515625
-5527.68701171875
-4995.73828125
-5769.1708984375
-5962.46240234375
-5534.76318359375
-5389.90966796875
-5863.01171875
-5414.61962890625
-5576.9833984375
-5765.7705078125
-4677.05517578125
-5029.57421875
-6153.61962890625
-5762.412109375
-5253.0322265625
-5665.60107421875
-5611.96435546875
-5746.421875
-5682.36328125
-5653.06689453125
-5823.966796875
-5497.08642578125
-5655.17578125
-5864.1748046875
-5680.95556640625
-5478.4345703125
-6193.92138671875
-6142.50244140625
-5369.38720703125
-5972.111328125
-5928.7119140625
-5012.2158203125
-5481.166015625
-5964.193359375
-5538.70166015625
-5245.97998046875
-5509.31201171875
-5092.38818359375
-5067.42138671875
-5736.37939453125
-5052.470703125
-5263.2490234375
-5692.7265625
-5525.20263671875
-5971.0888671875
-5748.51220703125
-5534.9375
-5909.048828125
-5798.21826171875
-6089.25146484375
-5943.7333984375
-5125.05517578125
-5953.5791015625
-4709.0458984375
-6011.72802734375
-5091.29296875
-5930.76220703125
-5849.22021484375
-5798.734375
-6251.08203125
-5517.62255859375
-4788.34619140625
-5521.7548828125
-5064.83984375
-4918.908203125
-5218.236328125
-5038.97900390625
-5166.0771484375
-5345.57080078125
-5239.6552734375
-5100.8642578125
-5996.84423828125
-5649.4208984375
-5621.86865234375
-5112.5
-4973.34814453125
-5034.2607421875
-5116.30908203125
-5202.173828125
-5217.201171875
-4817.1455078125
-4812.94970703125
-5096.82958984375
-5031.3037109375
-4922.6513671875
-4733.6376953125
-5123.29736328125
-4992.2294921875
-5175.470703125
-5401.1845703125
-4842.61767578125
-5542.80615234375
-4481.6103515625
-4875.6962890625
-4698.142578125
-5343.509765625
-5378.29541015625
-5017.72998046875
-5146.60791015625
-4943.26708984375
-4936.4296875
-4984.09619140625
-4939.4326171875
-5437.94677734375
-4929.658203125
-4967.9990234375
-4987.994140625
-5517.095703125
-5428.86962890625
-5360.49609375
-5584.69580078125
-4665.275390625
-4948.1513671875
-5446.93701171875
-5597.0263671875
-4978.5029296875
-5297.19921875
-5108.7607421875
-4904.087890625
-5323.51416015625
-4872.7216796875
-5267.0732421875
-5098.751953125
-5377.0859375
-5112.4853515625
-4696.57861328125
-5215.291015625
-5053.83544921875
-5025.69287109375
-4960.23193359375
-5007.79345703125
-5091.40771484375
-5092.76611328125
-4678.60498046875
-4985.76513671875
-4690.7548828125
-4707.85888671875
-5074.484375
-4947.80322265625
-5074.67529296875
-4899.22265625
-4957.13671875
-5350.3466796875
-5206.3701171875
-4930.98486328125
-5120.32080078125
-4947.78857421875
-5274.9482421875
-5054.88916015625
-4982.71630859375
-5371.98095703125
-4878.671875
-5379.50390625
-5418.56689453125
-5037.6572265625
-4818.41796875
-4856.30078125
-5077.5498046875
-5147.39599609375
