-153834.359375
-144306.21875
-154025.609375
-165854.0
-119878.796875
-81714.0859375
-82647.8671875
-70416.40625
-64521.47265625
-55948.44921875
-50188.0
-46675.3359375
-42418.46484375
-38503.8828125
-37589.37890625
-37061.328125
-35459.59765625
-35230.3671875
-34228.11328125
-33163.8828125
-32249.140625
-39060.234375
-104895.3671875
-78876.6328125
-146950.296875
-217068.296875
-219374.40625
-1016242.1875
-30357.455078125
-48144.08984375
-30908.8359375
-23524.751953125
-66152.890625
-21355.98828125
-105541.265625
-149089.703125
-148268.421875
-463817.71875
-35779.26953125
-23135.037109375
-29937.4375
-78746.140625
-99872.890625
-24455.810546875
-270163.1875
-21681.3046875
-23689.123046875
-567508.0625
-18127.525390625
-253136.515625
-65338.79296875
-50858.625
-21948.068359375
-21035.861328125
-15745.5966796875
-33845.6171875
-74331.53125
-15373.494140625
-15829.6767578125
-1806954.5
-18573.287109375
-85804.03125
-14844.0634765625
-14755.3466796875
-44705.34765625
-15727.591796875
-13531.310546875
-31873.615234375
-15283.4111328125
-15777.9140625
-52926.60546875
-224172.40625
-14455.01171875
-56620.54296875
-12923.642578125
-13435.5595703125
-29625.951171875
-13330.2763671875
-156893.90625
-120774.9375
-18922.568359375
-25851.248046875
-12162.001953125
-12072.58203125
-12108.11328125
-11576.208984375
-31137.474609375
-11727.822265625
-44702.078125
-11466.951171875
-11728.2080078125
-12263.2333984375
-10914.060546875
-11981.6943359375
-11635.263671875
-11025.8447265625
-10925.5419921875
-11069.0849609375
-10999.470703125
-10547.9013671875
-11076.720703125
-11017.14453125
-11063.216796875
-11293.853515625
-11190.142578125
-10601.236328125
-10668.6240234375
-10505.3662109375
-10942.3173828125
-10727.6181640625
-10353.595703125
-10557.201171875
-10363.162109375
-10137.0888671875
-9850.4931640625
-10529.3701171875
-9689.029296875
-10685.7509765625
-11115.3232421875
-10677.96875
-10432.1435546875
-10691.1845703125
-9987.8564453125
-9896.208984375
-9942.7578125
-10199.0966796875
-8639.9150390625
-9537.0478515625
-10541.9423828125
-9894.6279296875
-10177.177734375
-9996.767578125
-10218.365234375
-9300.7509765625
-9423.58984375
-9551.646484375
-10343.796875
-10547.5546875
-9996.59765625
-10263.96875
-9461.357421875
-9964.2431640625
-10059.8486328125
-9064.572265625
-10072.6982421875
-10654.8583984375
-10102.32421875
-10121.6884765625
-9367.708984375
-9911.1533203125
-9988.890625
-10156.24609375
-9791.16015625
-9953.181640625
-10112.025390625
-9820.435546875
-8816.5595703125
-9196.0791015625
-9551.2802734375
-9498.556640625
-9498.591796875
-9790.1357421875
-9385.560546875
-9033.859375
-9419.5439453125
-9729.353515625
-9720.2548828125
-8874.408203125
-9565.341796875
-9223.7841796875
-9659.427734375
-9091.1103515625
-9616.5751953125
-9296.0810546875
-9253.443359375
-9572.408203125
-9707.7646484375
-9233.9111328125
-9679.857421875
-9605.6689453125
-9076.2822265625
-9019.5576171875
-8313.92578125
-8979.8408203125
-8845.4638671875
-8974.03125
-9577.427734375
-9190.2412109375
-9054.9091796875
-9109.390625
-8755.8046875
-8919.4716796875
-9056.6318359375
-8444.240234375
-8876.2119140625
-9013.203125
-8775.580078125
-8574.5205078125
-8820.0
-9912.1630859375
-8862.3837890625
-8462.7294921875
-8484.1875
-8855.8369140625
-9246.392578125
-8753.203125
-9282.546875
-8982.123046875
-8381.2353515625
-8400.4365234375
-8647.8447265625
-8499.591796875
-7783.1572265625
-7639.6865234375
-6969.99755859375
-8168.8154296875
-7966.14453125
-7518.203125
-7582.7119140625
-7516.611328125
-7607.54052734375
-7949.82177734375
-8935.0927734375
-7934.48046875
-7925.50390625
-8055.55126953125
-8147.103515625
-7795.19140625
-7438.654296875
-8008.81591796875
-7997.234375
-8138.7802734375
-7402.16015625
-7820.744140625
-7603.07275390625
-7866.0322265625
-7227.1796875
-7395.44140625
-7342.115234375
-7197.19677734375
-7746.66552734375
-7635.34619140625
-7442.3271484375
-7452.31201171875
-7187.0439453125
-7509.74951171875
-7175.7060546875
-7512.12939453125
-7528.12109375
-7420.10693359375
-8230.109375
-7393.0546875
-7540.6171875
-7253.87841796875
-6421.59375
-6591.83203125
-7455.62841796875
-7185.01416015625
-7397.13916015625
-7696.267578125
-7332.32275390625
-7366.248046875
-7300.4814453125
-6830.642578125
-7224.73828125
-7327.78173828125
-7667.96142578125
-7488.01513671875
-6927.8818359375
-6836.56591796875
-6602.43017578125
-6953.0693359375
-7452.0634765625
-6756.12255859375
-7682.7216796875
-7648.06591796875
-7490.982421875
-6899.0498046875
-6878.666015625
-7594.1787109375
-6601.07470703125
-6666.23388671875
-6686.56640625
-7635.83203125
-6963.11865234375
-6671.6533203125
-7042.78955078125
-6708.8408203125
-6991.29345703125
-6424.73779296875
-6924.99072265625
-7097.92138671875
-6688.03759765625
-7060.9970703125
-7057.9462890625
-6553.90087890625
-6769.62109375
-6840.75341796875
-6785.7255859375
-7085.1728515625
-7198.24072265625
-6980.33837890625
-7568.09814453125
-7044.04541015625
-7130.150390625
-6783.736328125
-7555.61083984375
-6757.5107421875
-7081.34814453125
-6825.7373046875
-6836.34228515625
-6328.541015625
-6725.8828125
-6466.50634765625
-6995.11865234375
-6812.19921875
-6999.03271484375
-6128.89453125
-6970.0146484375
-7016.59521484375
-6837.1513671875
-7203.41845703125
-7279.9052734375
-5951.06298828125
-6823.8720703125
-6988.44091796875
-6923.1875
-6825.84033203125
-7117.59326171875
-7058.94482421875
-7453.2060546875
-6035.86669921875
-7166.072265625
-6241.53466796875
-7057.08642578125
-6975.99609375
-6004.68505859375
-6882.89111328125
-7012.810546875
-6167.71044921875
-6360.79833984375
-6915.69091796875
-6997.89501953125
-6181.72607421875
-6563.19287109375
-6437.06103515625
-6182.97607421875
-6401.26708984375
-6551.81396484375
-6250.1630859375
-6190.06884765625
-6217.30126953125
-5911.17822265625
-5910.06689453125
-6110.06640625
-6033.59228515625
-6468.40771484375
-6551.1572265625
-7211.375
-6106.61767578125
-7083.69970703125
-6380.63525390625
-6380.5400390625
-6195.06689453125
-6510.484375
-6406.34912109375
-6829.26123046875
-6398.72509765625
-6332.36376953125
-6716.38037109375
-6495.482421875
-6453.82177734375
-6318.99072265625
-6069.13525390625
-5612.7421875
-6416.408203125
-6666.10791015625
-6294.69677734375
-6369.34912109375
-6278.58447265625
-6362.8603515625
-6309.51318359375
-6236.31884765625
-6443.0517578125
-5515.5439453125
-6248.23486328125
-6114.37939453125
-5732.97998046875
-6251.7060546875
-6619.53515625
-6451.12939453125
-6239.515625
-5417.37158203125
-5787.5478515625
-6541.01171875
-6387.13134765625
-5803.4296875
-6477.82958984375
-6299.59130859375
-6224.58984375
-6432.33349609375
-5811.810546875
-5865.9267578125
-5430.66162109375
-6013.951171875
-6512.0849609375
-5999.44287109375
-6169.046875
-6305.57373046875
-6612.98876953125
-6450.328125
-6188.07080078125
-5634.7646484375
-6284.78466796875
-5374.48583984375
-6652.19482421875
-5576.81201171875
-6521.46142578125
-6505.16162109375
-6483.56982421875
-5382.5009765625
-5765.990234375
-6324.62060546875
-6716.81787109375
-6625.79931640625
-5934.61328125
-5574.203125
-6376.185546875
-5975.86328125
-5573.51318359375
-6700.58349609375
-5700.87548828125
-6556.78857421875
-5821.45654296875
-5250.2998046875
-5482.45263671875
-6584.5009765625
-6334.609375
-5665.9921875
-5953.94677734375
-5647.103515625
-5864.490234375
-5760.70654296875
-5562.7802734375
-6719.650390625
-5397.20703125
-6420.45654296875
-6252.861328125
-6210.6005859375
-5986.2333984375
-5350.86328125
-5988.17138671875
-5892.85546875
-6843.3994140625
-5881.0791015625
-5252.7685546875
-6175.03515625
-6861.5380859375
-5496.87255859375
-5836.64013671875
-5920.7548828125
-5995.1328125
-6442.8125
-6472.123046875
-5943.79052734375
-5997.0439453125
-5676.33984375
-6146.611328125
-5536.38720703125
-5829.20947265625
-5795.6103515625
-5741.93212890625
-5535.4375
-5749.01220703125
-5709.48291015625
-5472.88232421875
-5673.1923828125
-5593.6064453125
-5568.76416015625
-5962.35302734375
-5768.048828125
-5329.8154296875
-5882.69287109375
-5638.29638671875
-5734.234375
-6006.5830078125
-5280.9638671875
-5736.146484375
-5703.8642578125
-5594.43505859375
-6007.99267578125
-5902.1181640625
-6004.943359375
-5954.36376953125
-5750.8427734375
-5641.27294921875
-6089.62890625
-5164.71240234375
-5446.6494140625
-5871.75927734375
-5515.9150390625
-5914.95458984375
-6005.98291015625
-6135.1171875
-6118.21142578125
-5788.361328125
-5564.47998046875
-5301.90625
-5105.765625
-7048.38720703125
-5495.6826171875
-5827.27392578125
-5349.8251953125
-5277.89208984375
-5984.1123046875
-6192.02490234375
-5738.59130859375
-6071.24658203125
-5984.240234375
-5915.76708984375
-5926.76318359375
-5745.83447265625
-5727.25439453125
-5708.330078125
-5237.71044921875
-5133.3740234375
-5737.81884765625
-5566.19775390625
-6046.80029296875
-5705.85009765625
-5516.1220703125
-4852.4267578125
-6035.896484375
-5853.1298828125
-5112.68408203125
-6056.548828125
-5722.70703125
-5837.98779296875
-5921.60498046875
-5894.28759765625
-5758.80908203125
-5729.2421875
-6164.208984375
-5750.748046875
-5735.79052734375
-5525.8408203125
-5839.94140625
-5462.19091796875
-4834.13916015625
-5636.1416015625
-5176.98095703125
-5184.86474609375
-4984.88525390625
-5935.0517578125
-5936.6494140625
-5674.36328125
-5247.587890625
-5565.18798828125
-4932.43310546875
-4841.20703125
-4982.00537109375
-6204.78955078125
-5798.599609375
-5770.8447265625
-5524.51171875
-6174.4619140625
-6250.55224609375
-6143.4541015625
-5249.318359375
-5383.88330078125
-6344.548828125
-4922.615234375
-5304.9560546875
-6254.0302734375
-6165.185546875
-5102.82470703125
-5374.85400390625
-5158.5107421875
-5493.49560546875
-5486.0654296875
-4958.1103515625
-5427.69189453125
-4943.17333984375
-5987.75146484375
-5153.70654296875
-4930.2998046875
-6039.35888671875
-4733.5859375
-5090.1455078125
-5233.396484375
-5903.61865234375
-5144.82275390625
-5377.89453125
-5414.982421875
-5073.02685546875
-5146.70068359375
-5134.91552734375
-5118.3349609375
-4795.36865234375
-6160.74609375
-5208.3134765625
-4699.70068359375
-5379.5087890625
-5579.962890625
-5387.27197265625
-5236.38232421875
-5466.0615234375
-5422.6171875
-5263.1689453125
-5016.14501953125
-5259.78271484375
-5743.46923828125
-5159.68505859375
-5102.38525390625
-5224.33935546875
-5160.970703125
-5330.98486328125
-6167.53857421875
-4921.5693359375
-5282.20263671875
-5480.52783203125
-5655.3134765625
-5011.146484375
-6014.5224609375
-5327.82275390625
-5120.59326171875
-5452.74365234375
-5162.4814453125
