-46774.70703125
-46242.01953125
-47271.8046875
-35818.7734375
-32912.8046875
-27750.10546875
-25490.607421875
-25126.775390625
-23752.36328125
-18580.689453125
-17893.31640625
-18033.4375
-15530.4814453125
-16091.556640625
-13308.76953125
-12150.1767578125
-12129.7109375
-13651.0166015625
-13791.03515625
-11603.0380859375
-12382.7177734375
-9821.3486328125
-8989.927734375
-10827.2431640625
-10394.873046875
-11450.62109375
-8549.619140625
-9792.2236328125
-8774.4560546875
-6750.076171875
-8647.203125
-7769.5556640625
-9331.9912109375
-8294.265625
-7594.48193359375
-7664.16015625
-7928.73876953125
-6614.35693359375
-6774.11328125
-6854.4921875
-7091.86767578125
-6856.4775390625
-8353.958984375
-6529.5771484375
-8627.970703125
-5267.05419921875
-5516.19091796875
-6696.90478515625
-7324.9140625
-6948.60986328125
-6301.11328125
-5718.9619140625
-6915.7265625
-5518.9189453125
-7000.81982421875
-6149.60205078125
-6773.3505859375
-5992.35888671875
-6266.5869140625
-5031.853515625
-5749.20556640625
-8638.5498046875
-5402.080078125
-4918.17138671875
-7447.25830078125
-4573.97265625
-3654.116943359375
-7758.21923828125
-5963.8681640625
-4997.61572265625
-3298.146728515625
-6136.5927734375
-4125.6884765625
-5566.91943359375
-7017.4365234375
-6810.9853515625
-4460.7861328125
-4843.6865234375
-6917.359375
-2698.39990234375
-6611.78076171875
-4231.2470703125
-4953.55224609375
-8448.0849609375
-4204.70947265625
-6981.01611328125
-4954.57421875
-3700.2880859375
-3948.496826171875
-6269.025390625
-4634.93408203125
-5400.10302734375
-8254.4892578125
-5927.1669921875
-4990.25634765625
-5341.01708984375
-5584.81884765625
-4195.666015625
-3857.486572265625
-5484.08349609375
-4409.44580078125
-4576.15625
-4579.93505859375
-3721.78759765625
-4397.45263671875
-4762.87890625
-8061.14306640625
-4592.00048828125
-3314.150146484375
-2817.75390625
-3129.771728515625
-4584.62890625
-3514.197509765625
-4749.4072265625
-2987.12939453125
-5158.6171875
-6166.60595703125
-3133.474365234375
-6451.74609375
-5707.52001953125
-1952.173095703125
-5268.7529296875
-2126.61865234375
-2750.713134765625
-4279.20068359375
-4058.228759765625
-3457.635009765625
-2643.099609375
-6083.4873046875
-2156.998779296875
-3501.92333984375
-4255.70458984375
-6237.0771484375
-5209.73828125
-2779.78173828125
-4716.2861328125
-4903.09326171875
-4972.18505859375
-6011.478515625
-3372.140625
-3833.270263671875
-2886.683349609375
-2888.37890625
-4075.33251953125
-2846.13037109375
-3606.272705078125
-2873.358642578125
-5043.607421875
-3500.282958984375
-4445.271484375
-4710.14208984375
-3531.559814453125
-4639.67431640625
-4061.338623046875
-3041.737060546875
-3130.917236328125
-2463.736572265625
-2681.38916015625
-3013.5390625
-3271.70068359375
-6110.73095703125
-2908.371337890625
-4016.732666015625
-3463.406494140625
-4846.45166015625
-3268.751708984375
-3745.08984375
-4255.0654296875
-4794.23974609375
-3878.656494140625
-7333.53564453125
-4363.02294921875
-2721.467529296875
-2322.957275390625
-3554.500732421875
-2950.65576171875
-4043.275146484375
-2755.906494140625
-4573.2705078125
-3320.8369140625
-3012.90234375
-3358.177490234375
-5357.76123046875
-3490.5478515625
-4610.69580078125
-2908.19091796875
-2685.591552734375
-3534.23046875
-3535.408447265625
-4808.52197265625
-2892.975341796875
-2917.552734375
-6117.58642578125
-5025.27685546875
-4740.8427734375
-3696.097412109375
-3622.906982421875
-5475.21435546875
-3154.92529296875
-3071.958740234375
-4059.557373046875
-4474.76171875
-4029.112548828125
-5645.4541015625
-5772.71533203125
-2808.029296875
-2818.78173828125
-6503.90185546875
-3607.489501953125
-5295.14892578125
-4389.1357421875
-2626.259765625
-3010.44091796875
-3115.033203125
-3729.712646484375
-4581.68017578125
-4779.3857421875
-4344.04638671875
-2764.94189453125
-3236.927734375
-2450.455810546875
-2391.86669921875
-2471.9501953125
-3252.85107421875
-2292.156005859375
-3107.626220703125
-3878.46630859375
-3297.568359375
-4055.619140625
-3959.656005859375
-3635.475341796875
-3659.5771484375
-3462.432373046875
-3312.86083984375
-2837.3291015625
-3840.4609375
-4895.34033203125
-2090.158935546875
-5631.77783203125
-3956.7529296875
-2806.976318359375
-3675.315185546875
-2720.478759765625
-3350.051513671875
-2207.881103515625
-3191.200927734375
-4151.19140625
-3694.332763671875
-2945.011962890625
-3462.158935546875
-2513.561279296875
-3068.323486328125
-3665.30322265625
-4562.3447265625
-4237.8935546875
-3291.4716796875
-3162.296630859375
-2750.01611328125
-4076.162109375
-3145.89111328125
-3145.596435546875
-2584.80859375
-2830.978515625
-3615.453125
-2355.187744140625
-2590.939208984375
-3189.26708984375
-3054.5078125
-2961.478759765625
-3999.436279296875
-3150.26123046875
-2887.650390625
-3140.6455078125
-3280.043701171875
-2832.80029296875
-3370.8408203125
-2075.18115234375
-2932.51220703125
-3178.123779296875
-3260.14697265625
-3217.6796875
-3724.052001953125
-3139.450439453125
-4096.9111328125
-2468.0283203125
-2976.269775390625
-3658.541748046875
-2372.739013671875
-3898.043701171875
-3006.455078125
-2461.830322265625
-2996.246826171875
-3503.86328125
-3907.412353515625
-2629.038330078125
-4802.2666015625
-2149.23828125
-2471.20654296875
-2461.2265625
-4132.03857421875
-3909.923583984375
-2916.393798828125
-3362.21875
-3977.568603515625
-4579.5
-2533.412841796875
-2763.473388671875
-2482.326171875
-3416.673583984375
-3176.52294921875
-2397.953125
-2817.855224609375
-2627.336181640625
-2417.102783203125
-3537.672607421875
-4109.14697265625
-4284.5341796875
-3799.021728515625
-2415.933349609375
-3606.99169921875
-2547.289794921875
-3336.895263671875
-3126.482177734375
-4121.61669921875
-3213.771240234375
-3382.92333984375
-2962.4912109375
-2853.112060546875
-2370.310302734375
-3459.963134765625
-3849.41064453125
-3068.302734375
-2306.91748046875
-2939.02294921875
-4461.15380859375
-3752.487548828125
-3852.180419921875
-3228.42724609375
-3070.3662109375
-4309.01171875
-2869.638671875
-3299.8447265625
-3315.833251953125
-3963.7744140625
-3966.802490234375
-3721.333251953125
-3620.074462890625
-2411.689208984375
-5079.03857421875
-4250.9775390625
-2440.364501953125
-3166.427001953125
-3250.828369140625
-2460.723388671875
-2523.4208984375
-2741.090576171875
-3069.9462890625
-3856.454345703125
-2959.03955078125
-3506.657958984375
-2707.410888671875
-3648.796142578125
-2744.85009765625
-3071.8115234375
-3248.16943359375
-3208.59326171875
-3181.354736328125
-2711.592529296875
-3103.713623046875
-2242.26171875
-3645.4228515625
-2415.474853515625
-3379.596923828125
-3408.087158203125
-2343.80615234375
-2652.911865234375
-2466.05712890625
-3369.137451171875
-3030.754638671875
-3115.241943359375
-3511.36767578125
-3959.48291015625
-4185.8583984375
-3493.281494140625
-2205.445068359375
-3105.54345703125
-2400.3203125
-3340.17822265625
-2767.0751953125
-3355.056396484375
-2988.760009765625
-2296.536376953125
-2973.2158203125
-2324.0849609375
-2111.39794921875
-3713.430419921875
-4149.6416015625
-2748.872802734375
-2630.119384765625
-3071.31640625
-2760.031005859375
-3447.268798828125
-3206.866455078125
-2894.172119140625
-5252.12646484375
-2837.45263671875
-2585.991455078125
-2537.068603515625
-2567.13916015625
-2133.07470703125
-3703.631103515625
-3061.796630859375
-2865.85498046875
-2378.406005859375
-3431.990234375
-2436.350341796875
-3380.957275390625
-2445.033203125
-2659.666015625
-3054.52099609375
-2767.765869140625
-2463.822509765625
-3116.283935546875
-4078.77392578125
-3233.515380859375
-3764.642333984375
-2485.80908203125
-3788.081787109375
-2799.471435546875
-2121.9580078125
-3241.553955078125
-2870.615234375
-3342.296630859375
-4076.57861328125
-3201.605712890625
-3126.790771484375
-2636.9365234375
-2498.75634765625
-2552.63916015625
-3397.133544921875
-2840.59033203125
-2675.953125
-2474.620849609375
-2404.9375
-3512.39892578125
-3865.995361328125
-2567.058837890625
-2284.169677734375
-2852.132080078125
-2668.505615234375
-3618.416259765625
-2667.67041015625
-3214.37548828125
-2406.53369140625
-2355.142333984375
-3685.6123046875
-3569.827392578125
-2745.254150390625
-3168.325927734375
-3138.724365234375
-2811.7431640625
-2622.28564453125
-3900.79541015625
-2612.247314453125
-3946.5087890625
-3430.951416015625
-2708.620849609375
-2008.2747802734375
-2898.93994140625
-3341.394287109375
-2154.62890625
-3403.449951171875
-3185.591064453125
-2028.8092041015625
-3238.067138671875
-2499.851806640625
-2494.58837890625
-2299.259521484375
-2781.00732421875
-2916.422119140625
-3561.403076171875
-4330.818359375
-3321.565185546875
-2954.191650390625
-3058.646240234375
-2808.52587890625
-2628.842529296875
-2474.638671875
-2746.8046875
-2715.770263671875
-3160.658203125
-3617.579833984375
-3253.875
-2299.14599609375
-3101.048095703125
-2619.77734375
-2975.365478515625
-2260.36083984375
-4370.62255859375
-2674.03076171875
-3002.41259765625
-2179.1484375
-3069.979248046875
-2316.712158203125
-3695.347412109375
-3149.181884765625
-1938.6141357421875
-2718.091552734375
-1983.445068359375
-3119.3037109375
-3568.127197265625
-2985.3525390625
-2382.767578125
-1770.9468994140625
-3123.872314453125
-3087.620849609375
-3009.156494140625
-3624.79541015625
-3134.837158203125
-4042.185791015625
-4074.083251953125
-2550.6962890625
-3992.098388671875
-2684.950927734375
-3012.630615234375
-3820.974853515625
-2596.236083984375
-3023.042724609375
-2449.646728515625
-3296.73193359375
-3474.051513671875
-3919.1611328125
-2090.657958984375
-3517.925537109375
-2707.35693359375
-3703.10986328125
-3248.701416015625
-4556.515625
-3106.136962890625
-3415.2919921875
-1787.3251953125
-2622.838134765625
-3766.751220703125
-3398.7470703125
-2795.224853515625
-2665.44140625
-3402.81298828125
-3265.9091796875
-3041.16064453125
-2908.65087890625
-2994.528076171875
-2985.9423828125
-2751.54541015625
-3019.096435546875
-3528.91455078125
-3844.339111328125
-3295.1083984375
-2710.011962890625
-3361.6240234375
-2792.19580078125
-4422.474609375
-3561.17333984375
-2520.0341796875
-3117.189453125
-3043.728759765625
-2622.844970703125
-3365.518310546875
-2452.869873046875
-3883.829345703125
-3348.820556640625
-2749.32275390625
-2959.877685546875
-4348.3427734375
-2336.498046875
-2943.4794921875
-3382.31494140625
-2819.91357421875
-3417.23046875
-2523.92919921875
-3301.845703125
-3215.425537109375
-2434.417724609375
-2455.488037109375
-3307.949462890625
-3084.94970703125
-3017.87890625
-3433.300048828125
-2685.28271484375
-3924.54931640625
-2731.649658203125
-2265.594482421875
-3921.334716796875
-3146.079833984375
-2860.342041015625
-3185.91552734375
-2271.290283203125
-3009.371337890625
-3544.2763671875
-2988.971435546875
-3196.249755859375
-3296.8896484375
-3164.569580078125
-2731.03076171875
-3409.470458984375
-2055.830322265625
-2393.44384765625
-3808.220947265625
-3377.80029296875
-2533.437255859375
-3337.8994140625
-2439.035888671875
-3222.47998046875
-2593.536376953125
-3881.798095703125
-2109.57958984375
-2847.631591796875
-2534.177734375
-2665.878662109375
-2448.486328125
-2959.99755859375
-2993.561279296875
-2700.328857421875
-3406.803955078125
-3609.40478515625
-3688.58935546875
-3440.199462890625
-3142.14697265625
-3289.38232421875
-4185.822265625
-3342.298828125
-3941.28076171875
-2958.94384765625
-3100.989990234375
-2195.905029296875
-3333.852783203125
-2817.414794921875
-2826.69384765625
-3038.335693359375
-2945.8408203125
-3374.439208984375
-2735.783447265625
-2799.947998046875
-2555.59033203125
-3432.635498046875
-3613.66015625
-2632.028564453125
-2419.459716796875
-3043.89208984375
-2856.617919921875
-2806.335693359375
-2634.911865234375
-3535.86181640625
-3207.150390625
-2951.447021484375
-2792.085693359375
-2565.526123046875
-2959.559326171875
-2505.099365234375
-2705.5888671875
-3146.038330078125
-2856.360595703125
-2436.966796875
-3745.59765625
-3564.3955078125
-2281.693115234375
-2310.150634765625
-1951.154541015625
-3609.789306640625
-2674.0361328125
-2946.84765625
-2391.820068359375
-2621.703857421875
-2405.698974609375
-3454.688232421875
-3087.834716796875
-3572.876953125
-2953.74658203125
-2800.369384765625
-3652.072509765625
-4163.57177734375
-2655.6728515625
-3907.26513671875
-2490.7373046875
-3428.99560546875
-3072.8037109375
-3457.402587890625
-3781.05126953125
-3125.94677734375
-2358.818115234375
-3506.751708984375
-3120.39111328125
-2823.01123046875
-1989.1182861328125
-3474.429931640625
-2546.0927734375
-2747.940673828125
-3570.79150390625
-3649.991943359375
-3770.19921875
-3641.478271484375
-3702.8212890625
-3670.09814453125
-3850.94482421875
-3528.080810546875
-3415.451416015625
-2724.5078125
-3630.60986328125
-2932.820556640625
-1978.9371337890625
-2920.666259765625
-2996.3115234375
-3482.6064453125
-2363.610595703125
-3896.522216796875
-3573.616943359375
-2951.48828125
-3266.895751953125
-2831.076171875
-2952.842529296875
-2029.397705078125
-2565.4091796875
-2563.998046875
-2250.808837890625
-3469.85205078125
-3390.902099609375
-3353.9931640625
-2066.462890625
-1829.1185302734375
-1992.095458984375
-2550.06298828125
-2824.8876953125
-2877.849609375
-3085.509765625
-4065.344482421875
-3069.321533203125
-3945.5966796875
-3208.303466796875
-3232.3408203125
-3765.749755859375
-2687.52001953125
-3535.09716796875
-3283.473876953125
-3243.075927734375
-2683.594970703125
-3042.025146484375
-3442.28125
-3548.86279296875
-3181.180908203125
-2628.511474609375
-2587.326416015625
-3777.987060546875
-2157.1396484375
-2102.35791015625
-2373.89013671875
-3025.41845703125
-3073.966064453125
-2798.877197265625
-3068.332275390625
-2495.76025390625
-3709.08056640625
-2795.042724609375
-3307.78857421875
-1900.3980712890625
-2861.514404296875
-2716.27197265625
-2119.04150390625
-2441.544921875
-2106.593505859375
-3414.673828125
-3493.60205078125
-4064.579345703125
-4181.75341796875
-3326.397216796875
-3631.0380859375
-2519.8203125
-3693.186767578125
-2471.37451171875
-3718.6025390625
-2924.569091796875
-3190.37353515625
-2728.60400390625
-3125.403076171875
-2532.701904296875
-3090.08544921875
-3006.58056640625
-3215.357177734375
-3944.646484375
-3803.293701171875
-3530.682373046875
-3116.54736328125
-3513.710693359375
-2698.7021484375
-2960.172119140625
-2419.104248046875
-2889.949951171875
-3395.708984375
-3107.01318359375
-2820.298828125
-3403.9951171875
-3019.787841796875
-2397.28515625
-3694.369384765625
-3458.151123046875
-3122.2568359375
-2070.765625
-2256.958984375
-3438.18408203125
-2909.54541015625
-2292.201171875
-2800.819580078125
-2503.255126953125
-2635.986328125
-3219.385498046875
-3704.26953125
-3045.55908203125
-3078.87060546875
-2855.68994140625
-3371.88720703125
-3090.995849609375
-3071.29052734375
-2385.56640625
-3017.39892578125
-2397.954833984375
-3515.772216796875
-2094.79150390625
-2805.012939453125
-3162.3505859375
-3666.00146484375
-3764.9853515625
-4017.71923828125
-3116.076416015625
-3018.774658203125
-1816.259765625
-2419.78466796875
-2686.9140625
-2844.13232421875
-2480.49658203125
-2840.065673828125
-2803.13916015625
-3282.414794921875
-3006.17431640625
-2547.362060546875
-2713.865234375
-2903.04443359375
-2922.695068359375
-3133.02587890625
-2100.30615234375
-2224.3759765625
-3687.667724609375
-3469.539306640625
-2968.210205078125
-2716.896484375
-3396.475341796875
-2987.31982421875
-2662.6923828125
-4731.029296875
-2695.229248046875
-3313.42333984375
-3030.17431640625
-3874.27099609375
-2991.20263671875
-2682.245849609375
-3001.54443359375
-3225.255615234375
-3330.424560546875
-2078.535888671875
-2170.661376953125
-2939.8115234375
-3819.641357421875
-3912.443115234375
-3940.009765625
-3310.466064453125
-3022.56103515625
-2722.50244140625
-3235.794677734375
-2613.06640625
-3141.739501953125
-2548.559326171875
-3639.8701171875
-3223.2109375
-2699.04833984375
-2551.69287109375
-3354.857177734375
-2764.835693359375
-2565.802490234375
-2092.021728515625
-2915.19140625
-2855.0
-2896.28173828125
-3777.019775390625
-3029.837646484375
-3221.87939453125
-2735.798095703125
-2570.295166015625
-2125.2099609375
-2613.5546875
-2440.1357421875
-2366.658203125
-3200.39794921875
-2518.453125
-2632.3984375
-2909.448974609375
-3431.01416015625
-2907.56103515625
-3303.600341796875
-2835.628662109375
-2138.313720703125
-2682.458984375
-3090.416015625
-2466.946533203125
-2604.695556640625
-3204.49462890625
-2701.854736328125
-2988.398681640625
-2986.9345703125
-2028.05517578125
-3298.36181640625
-2627.39599609375
-2569.575927734375
-3684.8046875
-3631.360595703125
-2716.94873046875
-3314.8544921875
-3002.212646484375
-2743.76904296875
-1841.5523681640625
-3556.824462890625
-3167.0498046875
-3267.87353515625
-3406.427978515625
-2488.89599609375
-3551.080322265625
-2383.260009765625
-2840.135986328125
-2645.345458984375
-2274.843505859375
-3677.600830078125
-3229.63134765625
-2103.452880859375
-3601.7841796875
-3138.28857421875
-2760.408447265625
-3369.0537109375
-3112.93408203125
-2950.714111328125
-2792.799072265625
-3351.14306640625
-2305.48291015625
-3230.15234375
-2979.623779296875
-3224.63671875
-2302.34716796875
-3397.622314453125
-3920.0791015625
-2625.014404296875
-4061.21630859375
-3969.910400390625
-2802.05859375
-3161.772705078125
-3226.882080078125
-2267.28955078125
-3874.82275390625
-3112.921875
-3341.2158203125
-3508.35888671875
-3241.647705078125
-3223.7802734375
-3587.48583984375
-2540.089111328125
-3070.01318359375
-2868.140869140625
-3509.89404296875
-2946.86083984375
-2256.48193359375
-3229.029541015625
-3432.160400390625
-3677.10205078125
-2788.250244140625
-3169.89013671875
-1900.085693359375
-2960.652099609375
-2176.716064453125
-2420.7685546875
-2734.14013671875
-3384.1376953125
-3646.158203125
-3060.9833984375
-2555.236083984375
-1995.029052734375
-2808.35546875
-3451.416748046875
-2345.859130859375
-2923.060302734375
-2052.615966796875
-3419.608642578125
-3451.619384765625
-3032.21240234375
-2045.6163330078125
-3056.51904296875
-2960.208251953125
