-152382.25
-154507.53125
-100754.3203125
-77651.4765625
-53926.93359375
-42936.71484375
-32060.248046875
-34000.7578125
-25263.0703125
-22177.21484375
-21737.552734375
-24699.994140625
-20882.3515625
-20043.427734375
-18025.486328125
-15983.8125
-19464.5546875
-16822.353515625
-13990.8076171875
-12346.79296875
-14379.05859375
-14926.080078125
-14422.470703125
-13850.5439453125
-13113.298828125
-11193.7255859375
-14966.099609375
-13823.798828125
-11114.5595703125
-15474.197265625
-12490.3740234375
