-137964.578125
-154315.359375
-179873.5
-113864.1953125
-103652.40625
-103041.6484375
-93120.5078125
-74072.6953125
-64362.08984375
-58300.11328125
-56495.40625
-52372.5625
-44384.375
-43224.0546875
-37074.6328125
-34204.16796875
-35503.52734375
-32681.93359375
-32697.48046875
-37108.7265625
-105339.4375
-50456.4609375
-28069.38671875
-79663.078125
-25927.998046875
-38059.50390625
-42530.328125
-31316.330078125
-26058.06640625
-188508.6875
-471154.375
-286553.4375
-40462.4453125
-51981.27734375
-26577.68359375
-35960.515625
-84192.421875
-32935.76171875
-25818.73828125
-43277.60546875
-115939.671875
-148807.1875
-23713.220703125
-103265.3828125
-35248.12109375
-35956.234375
-417498.28125
-65491.1875
-51873.61328125
-16427.06640625
-25068.099609375
-174643.03125
-27364.9765625
-19943.0546875
-15852.5810546875
-15273.7021484375
-22827.474609375
-80981.078125
-17505.384765625
-34140.19140625
-52522.8515625
-23026.77734375
-347781.375
-14216.6201171875
-14017.802734375
-13286.216796875
-13742.2119140625
-17506.634765625
-24447.1484375
-13229.041015625
-13427.5771484375
-23830.74609375
-13970.5234375
-13896.41796875
-13368.263671875
-12648.990234375
-11947.7294921875
-12792.5205078125
-19394.935546875
-79560.65625
-12304.0380859375
-12165.8974609375
-12273.5771484375
-119789.7734375
-36456.09765625
-11967.5810546875
-12641.5986328125
-11959.9072265625
-12319.64453125
-12254.3193359375
-12202.359375
-12212.974609375
-12801.5390625
-11658.9638671875
-11702.279296875
-12272.873046875
-11362.48828125
-10591.201171875
-12183.0634765625
-11499.728515625
-12275.22265625
-12087.330078125
-12006.2470703125
-12150.5732421875
-12161.4853515625
-12184.8759765625
-12148.650390625
-11173.439453125
-10939.0166015625
-10359.3955078125
-10860.2509765625
-10971.478515625
-11152.642578125
-11103.798828125
-11053.328125
-11255.8271484375
-10425.3369140625
-10493.8056640625
-11150.1337890625
-10462.984375
-10953.71875
-10893.3544921875
-10425.64453125
-10112.5888671875
-10467.6279296875
-9958.4462890625
-10971.671875
-10338.6806640625
-10766.7841796875
-11018.2548828125
-10348.0517578125
-9635.3125
-9789.775390625
-10244.0517578125
-10493.158203125
-10686.9375
-10455.56640625
-10390.583984375
-10546.5244140625
-9790.93359375
-9640.9208984375
-9962.806640625
-10141.2421875
-10283.0322265625
-10236.322265625
-9687.5439453125
-9977.5751953125
-9475.19921875
-9917.1025390625
-10115.9140625
-9981.7568359375
-9489.51171875
-9451.623046875
-9523.7138671875
-10109.8271484375
-10407.7568359375
-9171.546875
-9510.548828125
-9296.43359375
-9571.861328125
-9406.005859375
-9169.20703125
-9694.0556640625
-8619.037109375
-9690.5869140625
-9099.345703125
-9071.431640625
-8690.3837890625
-9573.5078125
-9269.5185546875
-9625.34375
-8876.2861328125
-9193.0703125
-9477.2333984375
-8821.7802734375
-8873.0029296875
-9584.3369140625
-9547.3369140625
-9457.6083984375
-9532.931640625
-9627.7158203125
-9100.9794921875
-9006.2529296875
-9079.541015625
-9396.029296875
-8358.5634765625
-8474.6357421875
-9098.85546875
-9501.228515625
-9580.314453125
-8965.318359375
-9012.953125
-8399.30859375
-8395.1259765625
-9521.880859375
-9037.185546875
-8643.107421875
-7619.93701171875
-7902.7421875
-8581.9912109375
-9111.66796875
-7476.6376953125
-8441.677734375
-8020.76318359375
-8074.93359375
-8757.1630859375
-8218.5478515625
-8742.6513671875
-8411.751953125
-8311.0732421875
-7781.583984375
-7725.7919921875
-8662.255859375
-7792.62548828125
-7927.2197265625
-8715.3857421875
-7685.86767578125
-7673.70947265625
-8721.4326171875
-8797.650390625
-7685.63818359375
-8522.5361328125
-7727.59130859375
-7660.28076171875
-7777.9609375
-7985.25048828125
-7928.03271484375
-8007.18310546875
-8095.32421875
-7649.06787109375
-8685.4423828125
-7715.94482421875
-8555.431640625
-8157.65478515625
-8612.623046875
-7734.3583984375
-8095.39892578125
-7888.68896484375
-7748.45166015625
-8072.21875
-7724.8662109375
-8445.326171875
-7920.72216796875
-8100.20556640625
-8158.65380859375
-8362.28125
-8821.8310546875
-7989.9453125
-7871.24560546875
-8240.51171875
-7644.15185546875
-7752.8935546875
-7496.73095703125
-7224.01513671875
-7404.455078125
-7620.72509765625
-7389.482421875
-7520.8125
-7185.30419921875
-7189.7626953125
-7775.4951171875
-7391.46044921875
-7467.2958984375
-7340.75048828125
-7323.28955078125
-7478.76025390625
-7369.60693359375
-7450.44873046875
-7564.8525390625
-7303.7119140625
-7955.1240234375
-7879.26708984375
-7392.22705078125
-7080.94921875
-7567.296875
-7757.63330078125
-7253.06689453125
-7431.13525390625
-7265.595703125
-8296.6669921875
-7810.39111328125
-7332.11328125
-8140.8603515625
-7262.86376953125
-7481.01318359375
-7508.9814453125
-6676.1376953125
-6594.96728515625
-7719.7470703125
-7647.47802734375
-6852.21728515625
-7583.06591796875
-6670.04296875
-7653.92333984375
-7328.6279296875
-6716.150390625
-7028.83349609375
-6493.4111328125
-7419.0009765625
-7013.7021484375
-7698.34423828125
-7741.68017578125
-6730.494140625
-6909.11865234375
-6865.255859375
-6962.05322265625
-7425.1083984375
-6791.66357421875
-6878.224609375
-6914.44140625
-6672.67138671875
-6981.25048828125
-6848.7705078125
-7176.5283203125
-6664.759765625
-6439.47412109375
-6664.744140625
-6887.4306640625
-6588.337890625
-7040.21826171875
-7018.99072265625
-7323.97314453125
-6838.81787109375
-7083.25341796875
-6929.10888671875
-6516.14306640625
-6937.48974609375
-6000.5390625
-6421.9072265625
-7202.2041015625
-6316.1845703125
-6241.28515625
-6194.8759765625
-7376.66259765625
-6374.49560546875
-6373.21435546875
-6356.24853515625
-6418.25146484375
-6091.0830078125
-6319.93603515625
-6168.4365234375
-6185.5908203125
-6751.80859375
-6498.41943359375
-6368.37109375
-6200.3115234375
-6428.7626953125
-7027.38427734375
-6345.70556640625
-5985.03369140625
-6345.4169921875
-6517.82666015625
-6154.53857421875
-6357.51025390625
-6068.23046875
-6362.05126953125
-6077.75146484375
-6649.56640625
-7245.2890625
-6217.82763671875
-6479.47705078125
-6624.75146484375
-5875.56298828125
-6315.48095703125
-6513.29052734375
-6198.02685546875
-6014.509765625
-6216.74951171875
-6255.83544921875
-6313.04833984375
-6453.2568359375
-6585.81298828125
-6485.03466796875
-5754.943359375
-6487.17236328125
-6325.982421875
-5822.517578125
-6515.0595703125
-6431.66259765625
-6410.66259765625
-6218.1357421875
-5749.2607421875
-6443.416015625
-6705.4462890625
-6568.88037109375
-5598.48193359375
-6459.49755859375
-6090.22265625
-6260.00439453125
-5233.890625
-6108.685546875
-6184.30224609375
-6689.2734375
-6126.80517578125
-5989.33935546875
-6304.810546875
-6259.42919921875
-5398.25341796875
-6028.2802734375
-6857.201171875
-6499.65087890625
-6352.380859375
-6771.97998046875
-6422.35888671875
-6615.27294921875
-6796.75830078125
-6878.61328125
-6311.5712890625
-6727.88818359375
-5801.73828125
-6361.4111328125
-6204.8828125
-6657.5537109375
-6284.12353515625
-6078.6416015625
-6269.70703125
-6144.9326171875
-6308.03369140625
-6171.56982421875
-6453.6845703125
-5696.87744140625
-6475.552734375
-6298.3037109375
-5891.4091796875
-6733.69384765625
-6489.2041015625
-5933.0390625
-6617.2470703125
-6633.87060546875
-6334.70361328125
-5934.3447265625
-6296.56689453125
-5639.09521484375
-6549.841796875
-6140.9853515625
-5593.501953125
-6254.2958984375
-5846.13427734375
-6434.7138671875
-5521.6806640625
-6566.24072265625
-6066.70556640625
-6493.96728515625
-5803.98291015625
-6243.23046875
-5905.314453125
-6418.4150390625
-5756.291015625
-6664.71142578125
-5834.32861328125
-5690.73388671875
-5387.171875
-5474.08203125
-6264.42529296875
-6158.263671875
-5775.1435546875
-5597.7890625
-5492.4765625
-6751.4345703125
-5552.728515625
-5278.49169921875
-5568.92578125
-6604.48681640625
-6749.29248046875
-5567.29638671875
-6046.75244140625
-5648.78173828125
-5676.083984375
-6891.70751953125
-6186.1875
-5808.11962890625
-6934.3408203125
-5920.55615234375
-5760.41162109375
-6668.763671875
-5773.591796875
-6142.1708984375
-5964.06005859375
-6297.62646484375
-6105.62353515625
-5669.88037109375
-5796.37353515625
-6910.99169921875
-5979.07763671875
-6160.6240234375
-5643.7060546875
-5786.64794921875
-5995.95068359375
-5600.84228515625
-5683.7509765625
-5665.9072265625
-5604.4169921875
-5753.85009765625
-5984.85791015625
-5759.65771484375
-5901.17236328125
-6231.18798828125
-5831.66064453125
-5713.26513671875
-5644.56884765625
-6122.0244140625
-5696.96484375
-5759.38232421875
-5893.0
-5794.70703125
-5957.92236328125
-5546.64453125
-5091.9267578125
-5762.21728515625
-5723.2958984375
-5970.77392578125
-5350.55517578125
-5804.064453125
-6160.37744140625
-5785.421875
-6357.9541015625
-5927.794921875
-5874.98095703125
-5675.07080078125
-5843.4208984375
-5748.390625
-5929.080078125
-5892.15380859375
-5481.9345703125
-5777.3115234375
-5929.22607421875
-5646.75
-5892.73193359375
-5878.72265625
-5710.15185546875
-5932.4482421875
-5997.7666015625
-5329.64013671875
-5854.19677734375
-6796.3662109375
-5683.29541015625
-5552.2958984375
-5933.0693359375
-5767.806640625
-5883.4033203125
-5717.904296875
-5833.6591796875
-6096.77392578125
-5885.65576171875
-5733.0380859375
-6174.07861328125
-5491.03662109375
-5538.04833984375
-5571.6650390625
-5796.14306640625
-5956.7607421875
-5500.07763671875
-5706.66162109375
-6134.53662109375
-5864.4228515625
-5702.138671875
-4824.31689453125
-5972.69775390625
-6086.3994140625
-5936.52734375
-6018.6708984375
-5377.98193359375
-5840.7333984375
-5132.11279296875
-5683.1201171875
-6517.412109375
-5410.8115234375
-5905.46044921875
-4764.9931640625
-6396.56298828125
-6023.90185546875
-6121.9052734375
-4974.208984375
-5182.44580078125
-5988.8427734375
-5982.31591796875
-4915.17626953125
-6021.02685546875
-5591.3681640625
-6240.11376953125
-5896.43212890625
-5897.60302734375
-5059.599609375
-5199.7705078125
-5879.65234375
-6223.84716796875
-5455.78271484375
-5999.43896484375
-5264.181640625
-5168.2412109375
-5805.837890625
-4889.142578125
-5797.47607421875
-5859.35888671875
-5190.9677734375
-6117.6201171875
-5704.1328125
-5036.85595703125
